1003.36    4.228
1008.96    4.228
1010.08    4.228
1001.12    16.228
1002.24    16.228
1004.48    16.228
1006.72    16.228
1007.84    16.228
1012.32    16.228
1024.64    4.228
1014.56    16.228
1026.88    4.228
1000    32.572
1016.8    16.228
1029.12    4.228
1017.92    16.228
1031.36    4.228
1013.44    23.457
1021.28    16.228
1033.6    4.228
1005.6    33.572
1023.52    16.228
1028    16.228
1011.2    33.572
1030.24    16.228
1043.68    4.228
1044.8    4.228
1035.84    16.228
1022.4    32.572
1025.76    29.572
1051.52    4.228
1053.76    4.228
1042.56    16.228
1057.12    4.228
1038.08    23.457
1039.2    23.457
1047.04    16.228
1040.32    23.457
1060.48    4.228
1032.48    33.572
1036.96    29.572
1050.4    16.228
1063.84    4.228
1056    16.228
1058.24    16.228
1062.72    16.228
1045.92    33.572
1048.16    31.686
1077.28    4.228
1079.52    4.228
1068.32    16.228
1080.64    4.228
1069.44    16.228
1081.76    4.228
1052.64    33.572
1082.88    4.228
1071.68    16.228
1084    4.228
1054.88    34.572
1059.36    31.572
1075.04    16.228
1087.36    4.228
1089.6    4.228
1091.84    4.228
1072.8    23.457
1092.96    4.228
1094.08    4.228
1095.2    4.228
1070.56    29.572
1097.44    4.228
1078.4    23.457
1086.24    16.228
1073.92    29.572
1088.48    16.228
1100.8    4.228
1101.92    4.228
1076.16    32.572
1107.52    4.228
1096.32    16.228
1109.76    4.228
1098.56    16.228
1085.12    34.572
1117.6    4.228
1090.72    32.572
1108.64    16.228
1122.08    4.228
1110.88    16.228
1124.32    4.228
1125.44    4.228
1114.24    16.228
1127.68    4.228
1116.48    16.228
1118.72    16.228
1131.04    4.228
1103.04    32.572
1104.16    31.686
1119.84    16.228
1132.16    4.228
1134.4    4.228
1123.2    16.228
1135.52    4.228
1106.4    33.572
1137.76    4.228
1126.56    16.228
1140    4.238
1113.12    31.572
1133.28    16.228
1115.36    34.572
1147.84    4.228
1136.64    16.228
1120.96    32.572
1138.88    16.228
1151.2    4.228
1153.44    4.228
1142.24    16.228
1144.48    16.228
1156.8    4.228
1145.6    16.228
1129.92    32.572
1165.76    4.228
1166.88    4.228
1141.12    33.572
1159.04    16.228
1143.36    32.572
1160.16    16.228
1161.28    16.228
1174.72    4.228
1146.72    32.572
1176.96    4.228
1168    16.228
1180.32    4.228
1169.12    16.228
1170.24    16.228
1155.68    32.572
1172.48    16.228
1184.8    4.228
1173.6    16.228
1187.04    4.228
1175.84    16.228
1190.4    4.228
1179.2    16.228
1191.52    4.228
1192.64    4.228
1162.4    34.572
1163.52    33.572
1193.76    4.228
1183.68    16.228
1171.36    31.686
1200.48    4.228
1181.44    23.457
1203.84    4.228
1189.28    23.457
1197.12    16.228
1198.24    16.228
1185.92    29.572
1211.68    4.228
1215.04    4.228
1216.16    4.228
1204.96    16.228
1188.16    33.572
1218.4    4.228
1199.36    23.457
1207.2    16.228
1208.32    16.228
1209.44    16.228
1210.56    16.228
1224    4.228
1212.8    16.228
1206.08    23.457
1227.36    4.228
1217.28    16.228
1220.64    16.228
1235.2    4.228
1225.12    16.228
1237.44    4.228
1226.24    16.228
1229.6    16.228
1230.72    16.228
1213.92    33.572
1245.28    4.228
1234.08    16.228
1236.32    16.228
1219.52    34.572
1250.88    4.228
1239.68    16.228
1240.8    16.228
1241.92    16.228
1254.24    4.228
1243.04    16.228
1244.16    16.228
1228.48    32.572
1257.6    4.228
1246.4    16.228
1232.96    31.572
1262.08    4.228
1265.44    4.228
1256.48    16.228
1252    23.457
1253.12    23.457
1274.4    4.228
1275.52    4.228
1248.64    31.686
1276.64    4.228
1266.56    16.228
1280    4.238
1249.76    34.572
1269.92    16.228
1271.04    16.228
1273.28    16.228
1259.84    32.686
1260.96    31.572
1263.2    31.572
1292.32    4.228
1281.12    16.228
1282.24    16.228
1283.36    16.228
1284.48    16.228
1285.6    16.228
1297.92    4.228
1278.88    23.457
1286.72    16.228
1268.8    34.572
1287.84    16.228
1301.28    4.228
1290.08    16.228
1302.4    4.228
1303.52    4.228
1294.56    16.228
1306.88    4.228
1277.76    33.572
1308    4.228
1296.8    16.228
1310.24    4.228
1311.36    4.228
1300.16    16.228
1314.72    4.228
1315.84    4.228
1320.32    4.228
1293.44    32.572
1322.56    4.228
1299.04    33.572
1330.4    4.228
1305.76    29.572
1331.52    4.228
1332.64    4.228
1304.64    33.572
1309.12    31.572
1319.2    23.457
1313.6    29.572
1327.04    16.228
1339.36    4.228
1312.48    31.572
1329.28    16.228
1328.16    23.457
1336    16.228
1321.44    31.686
1337.12    16.228
1341.6    16.228
1353.92    4.228
1323.68    34.572
1342.72    16.228
1325.92    33.572
1356.16    4.228
1359.52    4.228
1333.76    31.686
1349.44    16.228
1350.56    16.228
1343.84    23.457
1351.68    16.228
1366.24    4.228
1355.04    16.228
1357.28    16.228
1370.72    4.228
1347.2    29.572
1374.08    4.228
1344.96    33.572
1362.88    16.228
1346.08    34.572
1365.12    16.228
1367.36    16.228
1379.68    4.228
1369.6    16.228
1381.92    4.228
1383.04    4.228
1352.8    34.572
1364    23.457
1371.84    16.228
1384.16    4.228
1375.2    16.228
1368.48    23.457
1360.64    31.686
1376.32    16.228
1358.4    34.572
1361.76    32.572
1372.96    23.457
1380.8    16.228
1393.12    4.228
1394.24    4.228
1395.36    4.228
1386.4    16.228
1388.64    16.228
1392    16.228
1404.32    4.228
1405.44    4.228
1406.56    4.228
1397.6    16.228
1409.92    4.228
1411.04    4.228
1387.52    29.572
1413.28    4.228
1402.08    16.228
1389.76    29.572
1390.88    31.572
1408.8    16.228
1421.12    4.228
1412.16    16.228
1424.48    4.228
1396.48    33.572
1398.72    31.686
1426.72    4.228
1427.84    4.228
1416.64    16.228
1417.76    16.228
1430.08    4.228
1403.2    31.572
1418.88    16.228
1420    16.238
1434.56    4.228
1415.52    23.457
1435.68    4.228
1407.68    33.572
1437.92    4.228
1428.96    16.228
1431.2    16.228
1414.4    33.572
1432.32    16.228
1433.44    16.228
1446.88    4.228
1448    4.228
1422.24    31.686
1450.24    4.228
1440.16    16.228
1443.52    16.228
1455.84    4.228
1436.8    23.457
1460.32    4.228
1449.12    16.228
1461.44    4.228
1451.36    16.228
1452.48    16.228
1445.76    23.457
1453.6    16.228
1465.92    4.228
1467.04    4.228
1442.4    29.572
1456.96    16.228
1469.28    4.228
1470.4    4.228
1472.64    4.228
1462.56    16.228
1476    4.228
1478.24    4.228
1479.36    4.228
1463.68    23.457
1483.84    4.228
1459.2    29.572
1458.08    31.686
1473.76    16.228
1486.08    4.228
1487.2    4.228
1488.32    4.228
1489.44    4.228
1490.56    4.228
1464.8    31.572
1480.48    16.228
1481.6    16.228
1482.72    16.228
1468.16    32.572
1484.96    16.228
1498.4    4.228
1471.52    32.572
1500.64    4.228
1501.76    4.228
1474.88    32.572
1491.68    16.228
1505.12    4.228
1507.36    4.228
1496.16    16.228
1508.48    4.228
1497.28    16.228
1509.6    4.228
1511.84    4.228
1492.8    23.457
1493.92    23.457
1514.08    4.228
1504    16.228
1516.32    4.228
1524.16    4.228
1499.52    29.572
1527.52    4.228
1502.88    29.572
1528.64    4.228
1517.44    16.228
1529.76    4.228
1518.56    16.228
1530.88    4.228
1532    4.228
1521.92    16.228
1523.04    16.228
1536.48    4.228
1506.24    34.572
1537.6    4.228
1510.72    31.686
1526.4    16.228
1512.96    32.572
1543.2    4.228
1544.32    4.228
1545.44    4.228
1546.56    4.228
1519.68    32.686
1548.8    4.228
1539.84    16.228
1534.24    23.457
1542.08    16.228
1525.28    33.572
1540.96    23.457
1533.12    33.572
1551.04    16.228
1552.16    16.228
1564.48    4.228
1565.6    4.228
1535.36    34.572
1538.72    31.572
1555.52    16.228
1568.96    4.228
1557.76    16.228
1570.08    4.228
1572.32    4.228
1553.28    23.457
1561.12    16.228
1554.4    23.457
1562.24    16.228
1574.56    4.228
1563.36    16.228
1547.68    33.572
1577.92    4.228
1566.72    16.228
1579.04    4.228
1549.92    34.572
1581.28    4.228
1560    29.581
1585.76    4.228
1556.64    33.572
1567.84    23.457
1575.68    16.228
1558.88    33.572
1576.8    16.228
1573.44    23.457
1593.6    4.228
1582.4    16.228
1583.52    16.228
1584.64    16.228
1586.88    16.228
1580.16    23.457
1588    16.228
1571.2    34.572
1604.8    4.228
1596.96    16.228
1598.08    16.228
1610.4    4.228
1599.2    16.228
1592.48    23.457
1600.32    16.228
1594.72    23.457
1602.56    16.228
1616    4.228
1591.36    29.572
1605.92    16.228
1589.12    33.572
1608.16    16.228
1611.52    16.228
1612.64    16.228
1613.76    16.228
1627.2    4.228
1629.44    4.228
1618.24    16.228
1630.56    4.228
1601.44    33.572
1620.48    16.228
1603.68    33.572
1633.92    4.228
1636.16    4.228
1607.04    33.572
1624.96    16.228
1628.32    16.228
1640.64    4.228
1641.76    4.228
1642.88    4.228
1632.8    16.228
1617.12    32.572
1635.04    16.228
1648.48    4.228
1619.36    33.572
1637.28    16.228
1649.6    4.228
1621.6    32.572
1650.72    4.228
1631.68    23.457
1623.84    31.686
1639.52    16.228
1622.72    33.572
1652.96    4.228
1654.08    4.228
1656.32    4.228
1645.12    16.228
1646.24    16.228
1658.56    4.228
1644    23.457
1638.4    31.572
1655.2    16.228
1657.44    16.228
1659.68    16.228
1673.12    4.228
1675.36    4.228
1664.16    16.228
1647.36    33.572
1678.72    4.228
1667.52    16.228
1679.84    4.228
1661.92    23.457
1669.76    16.228
1672    16.228
1665.28    23.457
1674.24    16.228
1686.56    4.228
1660.8    31.572
1676.48    16.228
1688.8    4.228
1677.6    16.228
1693.28    4.228
1694.4    4.228
1668.64    31.572
1684.32    16.228
1696.64    4.228
1666.4    34.572
1685.44    16.228
1697.76    4.228
1670.88    31.572
1687.68    16.228
1706.72    4.228
1695.52    16.228
1708.96    4.228
1692.16    23.457
1682.08    33.572
1700    16.238
1702.24    16.228
1703.36    16.228
1715.68    4.228
1704.48    16.228
1716.8    4.228
1707.84    16.228
1701.12    23.457
1721.28    4.228
1691.04    34.572
1710.08    16.228
1711.2    16.228
1712.32    16.228
1714.56    16.228
1728    4.228
1717.92    16.228
1719.04    16.228
1720.16    16.228
1705.6    33.572
1735.84    4.228
1724.64    16.228
1739.2    4.228
1740.32    4.228
1730.24    16.228
1743.68    4.228
1744.8    4.228
1725.76    23.457
1734.72    16.228
1747.04    4.228
1722.4    29.572
1749.28    4.228
1750.4    4.228
1731.36    23.457
1752.64    4.228
1742.56    16.228
1756    4.228
1726.88    33.572
1757.12    4.228
1745.92    16.228
1729.12    33.572
1732.48    32.686
1733.6    31.686
1762.72    4.228
1764.96    4.228
1754.88    16.228
1748.16    23.457
1771.68    4.228
1760.48    16.228
1772.8    4.228
1753.76    23.457
1763.84    16.228
1751.52    29.572
1777.28    4.228
1766.08    16.228
1778.4    4.228
1779.52    4.228
1761.6    23.457
1781.76    4.228
1770.56    16.228
1782.88    4.228
1784    4.228
1785.12    4.228
1773.92    16.228
1786.24    4.228
1758.24    32.572
1775.04    16.228
1768.32    23.457
1759.36    32.572
1776.16    16.228
1769.44    23.457
1789.6    4.228
1790.72    4.228
1791.84    4.228
1794.08    4.228
1767.2    32.686
1796.32    4.228
1798.56    4.228
1799.68    4.228
1801.92    4.228
1805.28    4.228
1788.48    23.457
1800.8    16.228
1813.12    4.228
1803.04    16.228
1815.36    4.228
1787.36    32.572
1804.16    16.228
1817.6    4.228
1818.72    4.228
1807.52    16.228
1795.2    29.572
1822.08    4.228
1792.96    33.572
1810.88    16.228
1823.2    4.228
1824.32    4.228
1797.44    33.572
1828.8    4.228
1825.44    16.228
1809.76    33.572
1827.68    16.228
1841.12    4.228
1842.24    4.228
1843.36    4.228
1814.24    34.572
1833.28    16.228
1816.48    33.572
1834.4    16.228
1846.72    4.228
1819.84    31.686
1836.64    16.228
1820.96    32.572
1850.08    4.228
1840    16.238
1853.44    4.228
1826.56    32.572
1855.68    4.228
1844.48    16.228
1832.16    29.572
1829.92    33.572
1831.04    32.686
1848.96    16.228
1861.28    4.228
1835.52    31.686
1851.2    16.228
1852.32    16.228
1864.64    4.228
1837.76    33.572
1838.88    32.572
1857.92    16.228
1860.16    16.228
1845.6    31.572
1854.56    23.457
1863.52    16.228
1875.84    4.228
1847.84    33.572
1865.76    16.228
1878.08    4.228
1866.88    16.228
1879.2    4.228
1868    16.228
1881.44    4.228
1862.4    23.457
1870.24    16.228
1882.56    4.228
1871.36    16.228
1856.8    31.686
1859.04    29.572
1873.6    16.228
1885.92    4.228
1874.72    16.228
1891.52    4.228
1872.48    23.457
1880.32    16.228
1893.76    4.228
1894.88    4.228
1883.68    16.228
1876.96    23.457
1898.24    4.228
1899.36    4.228
1888.16    16.228
1889.28    16.228
1901.6    4.228
1890.4    16.228
1902.72    4.228
1903.84    4.228
1884.8    23.457
1897.12    16.228
1910.56    4.228
1892.64    23.457
1900.48    16.228
1887.04    31.686
1916.16    4.228
1904.96    16.228
1918.4    4.228
1907.2    16.228
1919.52    4.228
1908.32    16.228
1909.44    16.228
1922.88    4.228
1896    32.572
1906.08    23.457
1913.92    16.228
1926.24    4.228
1921.76    16.228
1911.68    29.572
1927.36    16.228
1912.8    33.572
1930.72    16.228
1931.84    16.228
1915.04    33.572
1934.08    16.228
1946.4    4.228
1920.64    31.572
1936.32    16.228
1937.44    16.228
1949.76    4.228
1938.56    16.228
1939.68    16.228
1940.8    16.228
1941.92    16.228
1954.24    4.228
1935.2    23.457
1944.16    16.228
1959.84    4.228
1948.64    16.228
1960.96    4.228
1950.88    16.228
1963.2    4.228
1952    16.228
1953.12    16.228
1965.44    4.228
1956.48    16.228
1957.6    16.228
1971.04    4.228
1945.28    32.572
1962.08    16.228
1955.36    23.457
1947.52    33.572
1977.76    4.228
1968.8    16.228
1981.12    4.228
1982.24    4.228
1983.36    4.228
1985.6    4.228
1974.4    16.228
1975.52    16.228
1987.84    4.228
1958.72    33.572
1972.16    23.457
1973.28    23.457
1964.32    32.686
1993.44    4.228
1966.56    31.686
1994.56    4.228
1967.68    31.686
1969.92    29.572
1995.68    4.228
1996.8    4.228
1986.72    16.228
1988.96    16.228
1991.2    16.228
2003.52    4.228
2004.64    4.228
1976.64    33.572
2009.12    4.228
2010.24    4.228
1980    34.581
2011.36    4.228
1992.32    23.457
1984.48    31.572
2000.16    16.228
2013.6    4.228
2015.84    4.228
2016.96    4.228
2005.76    16.228
2018.08    4.228
2006.88    16.228
2022.56    4.228
2012.48    16.228
2024.8    4.228
2014.72    16.228
2001.28    32.572
2019.2    16.228
2020.32    16.228
2032.64    4.228
2002.4    34.572
2025.92    16.228
2038.24    4.228
2028.16    16.228
2040.48    4.228
2029.28    16.228
2031.52    16.228
2047.2    4.228
2049.44    4.228
2033.76    23.457
2041.6    16.228
2053.92    4.228
2023.68    34.572
2034.88    23.457
2056.16    4.228
2057.28    4.228
2058.4    4.228
2030.4    32.572
2060.64    4.228
2062.88    4.228
2051.68    16.228
2064    4.228
2044.96    23.457
2052.8    16.228
2036    33.572
2066.24    4.228
2039.36    31.572
2037.12    34.572
2048.32    23.457
2069.6    4.228
2042.72    31.572
2043.84    31.686
2059.52    16.228
2072.96    4.228
2061.76    16.228
2046.08    32.572
2075.2    4.228
2076.32    4.228
2077.44    4.228
2079.68    4.228
2083.04    4.228
2084.16    4.228
2085.28    4.228
2074.08    16.228
2086.4    4.228
2088.64    4.228
2078.56    16.228
2071.84    23.457
2065.12    31.686
2081.92    16.228
2068.48    31.572
2096.48    4.228
2098.72    4.228
2087.52    16.228
2070.72    33.572
2103.2    4.228
2093.12    16.228
2080.8    29.572
2106.56    4.228
2111.04    4.228
2100.96    16.228
2113.28    4.228
2102.08    16.228
2115.52    4.228
2104.32    16.228
2089.76    31.572
2118.88    4.228
2090.88    33.572
2108.8    16.228
2092    33.572
2094.24    33.572
2095.36    32.686
2112.16    16.228
2105.44    32.572
2107.68    31.572
2117.76    23.457
