1000    22.572
1001.12    26.572
1005.6    22.572
1007.84    20.572
1006.72    22.686
1002.24    28.915
1004.48    26.789
1008.96    23.572
1010.08    23.572
1011.2    22.572
1013.44    20.686
1012.32    22.572
1003.36    34.029
1014.56    23.686
1019.04    20.572
1020.16    20.572
1015.68    26.572
1016.8    25.686
1022.4    20.457
1017.92    25.8
1021.28    22.572
1023.52    22.572
1024.64    23.686
1028    22.572
1025.76    26.572
1030.24    23.572
1031.36    23.572
1032.48    22.572
1034.72    20.686
1026.88    29.686
1029.12    29.686
1040.32    20.686
1039.2    22.686
1033.6    28.8
1035.84    26.675
1036.96    26.572
1038.08    26.572
1041.44    23.572
1042.56    23.686
1045.92    22.686
1043.68    25.686
1049.28    20.457
1048.16    22.572
1050.4    20.572
1047.04    26.572
1044.8    28.926
1051.52    25.8
1054.88    22.686
1052.64    25.8
1053.76    25.8
1056    23.675
1058.24    23.8
1059.36    22.795
1062.72    22.572
1064.96    20.686
1060.48    25.8
1057.12    29.686
1061.6    26.572
1066.08    23.572
1070.56    20.572
1063.84    29.686
1068.32    25.8
1069.44    25.8
1072.8    22.686
1075.04    22.572
1067.2    30.915
1071.68    26.572
1076.16    22.572
1078.4    20.457
1073.92    25.686
1079.52    23.8
1080.64    23.8
1085.12    20.572
1077.28    28.915
1082.88    23.686
1084    25.686
1081.76    28.915
1087.36    23.572
1090.72    22.572
1086.24    28.915
1088.48    29.686
1089.6    29.686
1092.96    26.686
1091.84    28.915
1095.2    25.8
1096.32    25.686
1094.08    28.915
1097.44    25.8
1103.04    20.572
1098.56    25.686
1104.16    20.686
1099.68    25.8
1101.92    25.686
1100.8    29.686
1110.88    20.572
1105.28    26.572
1106.4    25.686
1108.64    23.572
1107.52    25.686
1113.12    20.686
1116.48    20.686
1112    25.8
1115.36    22.572
1109.76    29.686
1114.24    25.8
1119.84    22.572
1117.6    25.8
1118.72    28.8
1120.96    26.675
1126.56    22.573
1122.08    28.8
1125.44    25.8
1127.68    23.686
1128.8    22.68
1123.2    28.915
1129.92    22.572
1124.32    28.8
1132.16    23.572
1134.4    23.686
1133.28    25.8
1131.04    28.8
1141.12    22.572
1137.76    26.686
1135.52    29.686
1138.88    26.686
1143.36    22.686
1136.64    29.686
1142.24    26.686
1140    29.694
1150.08    20.572
1148.96    22.572
1147.84    23.806
1145.6    26.572
1146.72    25.686
1144.48    29.686
1152.32    22.572
1154.56    20.572
1151.2    25.686
1155.68    22.686
1157.92    20.572
1153.44    25.693
1156.8    23.686
1161.28    20.457
1159.04    28.915
1164.64    23.572
1162.4    26.572
1165.76    23.686
1160.16    29.686
1163.52    26.572
1166.88    23.572
1171.36    22.572
1169.12    26.572
1170.24    25.686
1168    28.8
1173.6    23.686
1174.72    23.8
1176.96    23.686
1178.08    22.686
1172.48    28.8
1181.44    22.686
1179.2    25.686
1182.56    22.572
1175.84    29.686
1180.32    26.686
1184.8    23.686
1189.28    20.457
1185.92    25.8
1188.16    23.675
1183.68    28.8
1190.4    23.572
1191.52    23.686
1187.04    28.8
1194.88    22.572
1193.76    23.806
1198.24    20.572
1192.64    26.686
1199.36    20.572
1196    25.686
1202.72    20.457
1197.12    26.572
1204.96    20.572
1203.84    23.572
1201.6    26.572
1208.32    20.572
1209.44    20.686
1200.48    29.76
1207.2    23.8
1210.56    20.686
1206.08    26.572
1213.92    20.686
1212.8    23.686
1215.04    23.686
1219.52    20.572
1211.68    29.686
1216.16    25.8
1221.76    20.572
1222.88    20.572
1220.64    23.572
1218.4    28.8
1224    23.686
1225.12    22.686
1217.28    30.915
1226.24    23.572
1230.72    20.457
1228.48    23.572
1231.84    20.572
1229.6    23.572
1227.36    29.686
1234.08    25.686
1237.44    25.686
1232.96    30.915
1235.2    29.686
1238.56    26.572
1243.04    23.686
1236.32    30.915
1241.92    25.686
1247.52    20.457
1248.64    20.686
1239.68    29.76
1240.8    28.915
1244.16    25.686
1246.4    26.572
1245.28    28.915
1252    22.572
1255.36    22.572
1253.12    25.8
1258.72    20.686
1256.48    23.686
1259.84    20.572
1250.88    29.686
1249.76    30.92
1254.24    26.686
1263.2    20.572
1264.32    20.457
1257.6    28.8
1260.96    25.686
1265.44    23.8
1268.8    20.572
1266.56    23.686
1267.68    22.686
1269.92    20.686
1262.08    29.686
1273.28    20.686
1272.16    22.572
1277.76    20.572
1278.88    20.572
1271.04    28.8
1275.52    25.8
1276.64    26.686
1280    23.808
1274.4    29.686
1285.6    20.686
1281.12    26.686
1283.36    25.686
1282.24    29.686
1284.48    28.8
1287.84    25.8
1293.44    20.572
1291.2    23.572
1288.96    26.572
1290.08    25.686
1286.72    29.686
1295.68    22.572
1294.56    25.8
1292.32    29.686
1300.16    23.686
1299.04    25.8
1304.64    20.457
1302.4    23.686
1305.76    20.686
1296.8    29.76
1303.52    23.572
1297.92    29.686
1301.28    29.686
1308    23.572
1306.88    25.8
1313.6    20.686
1309.12    26.572
1312.48    23.572
1310.24    28.915
1315.84    23.686
1319.2    20.572
1311.36    29.686
1316.96    25.686
1314.72    28.915
1318.08    25.686
1320.32    23.686
1323.68    22.686
1321.44    25.686
1324.8    22.686
1327.04    20.56
1325.92    23.572
1322.56    29.686
1333.76    20.457
1328.16    26.572
1331.52    25.8
1329.28    28.8
1336    23.686
1330.4    29.686
1337.12    23.686
1338.24    22.68
1340.48    20.555
1334.88    26.572
1332.64    29.686
1339.36    25.8
1341.6    23.675
1348.32    20.572
1343.84    25.8
1342.72    28.8
1344.96    26.675
1346.08    25.686
1352.8    20.457
1347.2    26.572
1350.56    23.686
1351.68    23.686
1349.44    26.686
1353.92    23.686
1355.04    22.68
1358.4    23.572
1357.28    25.686
1360.64    23.572
1356.16    28.8
1361.76    25.8
1364    23.675
1367.36    20.457
1359.52    28.915
1362.88    25.8
1366.24    25.686
1365.12    28.8
1371.84    22.572
1368.48    26.572
1369.6    25.686
1372.96    22.686
1375.2    20.686
1376.32    20.457
1378.56    20.457
1374.08    25.8
1377.44    22.572
1370.72    29.686
1381.92    23.686
1379.68    26.686
1383.04    23.572
1387.52    20.686
1389.76    20.572
1380.8    29.686
1385.28    25.686
1390.88    22.686
1384.16    29.686
1386.4    28.8
1388.64    26.686
1396.48    20.572
1392    25.686
1395.36    23.572
1398.72    20.572
1399.84    20.457
1400.96    20.572
1393.12    28.8
1394.24    28.915
1403.2    20.572
1397.6    26.572
1404.32    23.686
1402.08    26.572
1408.8    23.686
1407.68    25.686
1409.92    23.572
1405.44    28.804
1406.56    28.915
1412.16    23.686
1413.28    23.8
1414.4    22.795
1415.52    22.572
1411.04    28.8
1416.64    23.8
1422.24    20.572
1418.88    26.686
1420    25.694
1425.6    20.572
1417.76    28.8
1423.36    25.686
1424.48    25.686
1421.12    29.686
1427.84    23.686
1426.72    25.686
1431.2    23.8
1430.08    25.686
1433.44    22.572
1428.96    29.686
1435.68    23.686
1439.04    22.686
1432.32    29.686
1442.4    20.457
1436.8    26.572
1440.16    23.686
1441.28    22.68
1443.52    20.572
1434.56    29.686
1444.64    20.686
1437.92    28.8
1445.76    23.572
1446.88    23.686
1449.12    22.686
1452.48    20.572
1450.24    25.8
1453.6    23.686
1454.72    22.686
1456.96    20.572
1448    29.686
1458.08    20.572
1459.2    23.572
1460.32    23.686
1463.68    20.572
1455.84    28.8
1461.44    23.572
1451.36    34.029
1462.56    23.572
1464.8    25.686
1465.92    25.686
1468.16    25.686
1470.4    23.572
1471.52    22.686
1472.64    23.686
1467.04    29.686
1469.28    29.686
1477.12    22.572
1474.88    26.572
1478.24    23.572
1473.76    28.8
1480.48    23.686
1476    28.8
1479.36    26.686
1481.6    25.686
1483.84    23.572
1482.72    26.686
1486.08    23.572
1487.2    23.572
1488.32    23.686
1489.44    23.686
1492.8    20.572
1484.96    28.8
1490.56    23.572
1491.68    25.686
1495.04    22.572
1493.92    25.686
1496.16    25.686
1502.88    20.457
1499.52    26.572
1504    22.572
1497.28    29.686
1498.4    29.686
1501.76    26.686
1506.24    22.686
1500.64    28.8
1505.12    25.686
1508.48    23.572
1512.96    20.686
1510.72    23.572
1515.2    20.686
1507.36    29.686
1514.08    23.686
1511.84    26.686
1518.56    20.573
1509.6    29.686
1516.32    23.572
1517.44    23.572
1520.8    22.686
1525.28    20.572
1519.68    26.572
1526.4    20.572
1521.92    26.572
1523.04    25.686
1524.16    29.686
1527.52    26.686
1529.76    25.8
1533.12    22.572
1532    23.806
1535.36    20.56
1528.64    28.915
1534.24    23.572
1538.72    20.686
1530.88    28.8
1536.48    23.8
1539.84    20.572
1537.6    23.8
1540.96    20.572
1544.32    23.572
1547.68    22.686
1549.92    20.686
1542.08    28.915
1545.44    25.8
1546.56    25.8
1548.8    23.8
1543.2    29.686
1554.4    20.572
1552.16    23.572
1555.52    20.457
1551.04    25.8
1553.28    23.675
1558.88    22.686
1561.12    20.572
1556.64    25.686
1562.24    20.572
1557.76    29.686
1567.84    20.457
1563.36    25.686
1564.48    25.8
1560    30.923
1566.72    25.8
1568.96    23.675
1571.2    22.572
1565.6    29.686
1572.32    23.572
1570.08    26.686
1574.56    23.572
1573.44    25.693
1575.68    23.572
1580.16    20.572
1576.8    25.686
1582.4    23.572
1583.52    23.8
1584.64    22.795
1577.92    29.686
1579.04    29.686
1589.12    20.572
1581.28    28.915
1586.88    23.686
1585.76    25.8
1591.36    20.686
1590.24    22.686
1588    28.8
1593.6    23.572
1595.84    22.686
1598.08    20.572
1592.48    26.572
1594.72    26.572
1601.44    20.457
1600.32    23.8
1599.2    25.686
1596.96    29.686
1603.68    23.572
1602.56    25.8
1605.92    22.686
1608.16    20.572
1607.04    22.572
1609.28    22.686
1612.64    20.572
1604.8    29.686
1614.88    20.457
1611.52    25.8
1610.4    28.8
1619.36    20.572
1613.76    26.686
1618.24    22.686
1617.12    26.572
1623.84    20.457
1621.6    23.572
1616    29.686
1624.96    22.686
1622.72    25.686
1628.32    20.572
1620.48    28.8
1626.08    25.8
1631.68    20.572
1627.2    25.686
1629.44    23.686
1633.92    23.8
1637.28    20.686
1632.8    25.686
1638.4    20.457
1630.56    29.686
1636.16    25.686
1639.52    22.686
1640.64    23.686
1644    20.457
1635.04    29.686
1641.76    23.572
1646.24    20.457
1645.12    22.686
1642.88    26.686
1647.36    23.572
1649.6    23.8
1651.84    22.572
1648.48    26.686
1655.2    20.572
1657.44    20.686
1652.96    25.686
1656.32    23.686
1650.72    29.686
1654.08    28.8
1660.8    22.686
1663.04    20.56
1658.56    25.8
1665.28    20.572
1659.68    26.572
1664.16    23.572
1661.92    26.572
1666.4    23.572
1667.52    23.686
1670.88    20.457
1669.76    23.686
1668.64    26.572
1673.12    23.8
1672    25.8
1675.36    23.572
1676.48    22.572
1674.24    25.8
1678.72    23.686
1682.08    20.572
1680.96    23.572
1684.32    20.686
1683.2    22.572
1677.6    28.915
1685.44    22.572
1687.68    20.572
1679.84    28.8
1691.04    20.572
1688.8    23.686
1689.92    25.8
1686.56    29.686
1692.16    25.686
1695.52    23.8
1693.28    26.686
1694.4    26.686
1696.64    25.686
1702.24    20.686
1697.76    25.8
1698.88    26.572
1700    25.694
1701.12    26.572
1704.48    23.572
1703.36    25.8
1707.84    22.572
1705.6    26.572
1710.08    22.572
1708.96    25.8
1713.44    22.686
1706.72    29.686
1712.32    26.686
1715.68    23.572
1711.2    29.686
1714.56    26.572
1719.04    23.686
1716.8    26.686
1717.92    25.686
1720.16    25.8
1725.76    20.457
1721.28    25.686
1722.4    25.686
1723.52    25.686
1729.12    20.457
1728    23.686
1731.36    20.457
1732.48    20.572
1726.88    26.572
1733.6    20.686
1724.64    29.76
1730.24    26.572
1734.72    23.8
1736.96    22.572
1738.08    22.686
1735.84    25.686
1740.32    23.8
1741.44    22.795
1743.68    23.686
1739.2    28.8
1742.56    25.8
1744.8    23.675
1745.92    23.572
1748.16    23.572
1751.52    20.457
1747.04    25.8
1750.4    23.686
1753.76    20.572
1754.88    20.572
1749.28    28.8
1752.64    25.686
1758.24    22.572
1756    29.686
1759.36    26.572
1757.12    29.686
1760.48    26.686
1761.6    25.686
1767.2    20.572
1764.96    23.686
1766.08    22.686
1762.72    26.686
1763.84    25.686
1769.44    20.572
1768.32    26.572
1773.92    23.572
1775.04    23.686
1770.56    28.8
1771.68    29.686
1772.8    28.8
1776.16    25.8
1778.4    23.686
1777.28    25.686
1779.52    25.8
1780.64    26.572
1781.76    25.8
1784    25.8
1788.48    22.572
1782.88    29.686
1787.36    25.686
1792.96    20.457
1785.12    28.8
1790.72    23.686
1786.24    28.8
1789.6    26.686
1794.08    23.572
1791.84    28.8
1795.2    26.572
1800.8    22.686
1797.44    26.572
1796.32    29.686
1798.56    28.8
1801.92    26.686
1806.4    22.686
1799.68    29.686
1804.16    25.686
1805.28    25.686
1807.52    23.686
1808.64    22.68
1803.04    29.686
1809.76    23.572
1812    23.572
1810.88    25.686
1813.12    25.8
1816.48    22.686
1814.24    26.572
1820.96    20.686
1819.84    23.572
1815.36    29.686
1817.6    28.8
1823.2    23.572
1824.32    23.686
1818.72    29.686
1826.56    23.572
1825.44    25.686
1831.04    20.457
1822.08    29.686
1827.68    25.686
1828.8    26.686
1829.92    26.572
1834.4    22.686
1832.16    25.686
1837.76    20.686
1835.52    23.572
1838.88    20.572
1833.28    26.572
1836.64    29.686
1840    26.694
1843.36    23.686
1844.48    23.686
1846.72    23.8
1841.12    29.686
1842.24    28.8
1845.6    26.572
1848.96    23.572
1847.84    25.8
1850.08    23.675
1854.56    20.457
1851.2    25.8
1853.44    25.8
1856.8    25.686
1862.4    20.457
1860.16    23.572
1855.68    28.8
1857.92    26.675
1863.52    22.686
1865.76    20.572
1852.32    34.126
1861.28    26.686
1859.04    30.915
1864.64    25.686
1866.88    23.686
1869.12    22.572
1872.48    20.572
1873.6    20.572
1870.24    25.686
1871.36    25.8
1868    29.686
1874.72    23.572
1876.96    22.572
1878.08    25.686
1875.84    28.915
1879.2    25.686
1882.56    23.572
1880.32    26.572
1883.68    23.572
1884.8    22.572
1885.92    23.686
1887.04    22.68
1889.28    20.572
1881.44    28.8
1892.64    20.686
1890.4    23.686
1888.16    28.8
1896    23.572
1891.52    29.686
1893.76    28.8
1897.12    25.8
1899.36    23.686
1900.48    22.686
1898.24    25.8
1894.88    29.686
1901.6    23.686
1902.72    23.572
1906.08    20.457
1903.84    23.686
1904.96    23.686
1909.44    23.572
1907.2    26.686
1915.04    20.572
1910.56    25.8
1911.68    25.686
1917.28    20.686
1908.32    29.76
1912.8    26.572
1913.92    25.8
1916.16    23.8
1918.4    23.572
1920.64    22.572
1921.76    22.686
1925.12    20.457
1922.88    23.686
1924    22.68
1919.52    29.686
1927.36    22.686
1929.6    20.572
1928.48    22.572
1932.96    20.572
1926.24    28.915
1931.84    23.572
1935.2    20.457
1930.72    25.686
1936.32    20.457
1937.44    20.457
1938.56    20.573
1939.68    20.457
1934.08    26.572
1940.8    23.572
1944.16    20.572
1945.28    20.572
1943.04    23.572
1941.92    25.8
1948.64    20.457
1947.52    23.572
1953.12    20.572
1950.88    23.572
1946.4    28.8
1949.76    25.686
1955.36    20.572
1952    25.686
1954.24    23.572
1956.48    23.686
1958.72    23.572
1957.6    25.8
1964.32    20.572
1963.2    23.686
1959.84    28.8
1965.44    23.693
1969.92    20.457
1960.96    29.686
1962.08    28.915
1966.56    26.572
1967.68    25.686
1968.8    25.686
1973.28    22.572
1971.04    25.686
1978.88    20.572
1974.4    25.8
1975.52    26.572
1972.16    30.915
1976.64    26.572
1977.76    28.8
1983.36    23.686
1981.12    28.915
1980    30.923
1984.48    26.572
1982.24    28.926
1985.6    25.8
1992.32    20.457
1986.72    26.572
1988.96    26.572
1990.08    25.8
1987.84    28.8
1991.2    25.8
1993.44    23.686
1994.56    25.686
1996.8    23.686
2002.4    20.572
2000.16    23.572
1999.04    25.686
1995.68    29.686
2005.76    20.572
2001.28    26.572
1997.92    30.915
2003.52    25.8
2006.88    26.686
2010.24    23.686
2008    26.572
2011.36    23.8
2014.72    22.686
2004.64    34.029
2009.12    29.686
2015.84    23.572
2019.2    20.572
2013.6    26.686
2016.96    23.572
2018.08    23.8
2012.48    29.686
2023.68    20.572
2020.32    26.686
2021.44    25.8
2024.8    23.686
2028.16    20.572
2027.04    22.572
2030.4    20.457
2022.56    29.686
2025.92    26.572
2033.76    20.572
2029.28    25.8
2034.88    20.457
2036    20.457
2031.52    26.686
2032.64    25.686
2037.12    22.686
2041.6    22.686
2043.84    20.572
2039.36    25.686
2040.48    25.686
2038.24    29.686
2042.72    25.8
2048.32    20.686
2044.96    26.572
2046.08    26.572
2047.2    25.8
2050.56    22.572
2049.44    26.686
2052.8    23.572
2056.16    23.686
2051.68    29.686
2053.92    28.8
2057.28    25.686
2059.52    23.686
2058.4    25.686
2061.76    22.686
2065.12    20.457
2055.04    30.915
2060.64    25.686
2067.36    20.457
2062.88    25.8
2070.72    20.457
2064    28.8
2071.84    22.686
2066.24    28.8
2068.48    26.675
2072.96    23.572
2069.6    28.8
2074.08    25.8
2076.32    23.675
2080.8    20.686
2075.2    28.915
2079.68    25.8
2081.92    23.675
2077.44    28.8
2083.04    23.572
2078.56    28.915
2084.16    23.8
2085.28    23.8
2087.52    22.686
2090.88    20.457
2086.4    25.8
2092    20.572
2089.76    26.572
2093.12    23.686
2088.64    28.915
2094.24    23.572
2097.6    22.572
2095.36    25.8
2100.96    23.8
2104.32    20.686
2098.72    26.686
2099.84    25.8
2096.48    29.686
2103.2    23.8
2102.08    25.8
2107.68    20.686
2106.56    23.686
2105.44    26.572
2114.4    20.457
2109.92    26.572
2111.04    25.8
2116.64    20.686
2108.8    28.915
2113.28    25.8
2112.16    28.8
2117.76    23.572
2115.52    29.686
2118.88    29.686
