1001.12    30.686
1024.64    20.228
1012.32    40.372
1013.44    43.83
1038.08    20.228
1032.48    33.144
1003.36    63.601
1049.28    20.228
1036.96    34.8
1006.72    65.378
1002.24    74.589
1000    78.516
1025.76    55.029
1059.36    27.8
1030.24    56.944
1015.68    72.516
1052.64    35.8
1069.44    20.228
1070.56    20.228
1058.24    32.8
1042.56    62.944
1028    79.402
1078.4    29.8
1081.76    26.915
1062.72    49.487
1026.88    90.203
1007.84    112.516
1087.36    33.8
1053.76    67.83
1022.4    100.203
1085.12    38.029
1047.04    77.072
1048.16    77.83
1017.92    108.184
1061.6    64.83
1056    70.83
1108.64    19.343
1064.96    64.601
1100.8    30.8
1075.04    62.83
1123.2    19.343
1118.72    27.686
1043.68    104.745
1115.36    33.8
1068.32    81.601
1095.2    55.716
1127.68    24.572
1103.04    49.915
1098.56    56.258
1067.2    88.402
1119.84    35.915
1112    46.693
1050.4    109.878
1079.52    82.402
1021.28    141.576
1144.48    20.228
1116.48    50.576
1142.24    25.572
1035.84    132.66
1101.92    72.927
1054.88    120.002
1124.32    51.173
1135.52    40.144
1148.96    27.8
1157.92    22.577
1134.4    50.698
1076.16    114.402
1045.92    144.775
1057.12    133.86
1109.76    83.288
1107.52    86.516
1020.16    174.461
1171.36    24.572
1176.96    20.228
1005.6    197.004
1072.8    130.66
1138.88    72.915
1146.72    66.299
1190.4    23.457
1010.08    205.063
1105.28    112.631
1129.92    88.745
1031.36    187.919
1162.4    57.372
1084    139.088
1137.76    85.974
1206.08    20.228
1178.08    50.572
1097.44    131.572
1197.12    31.915
1203.84    25.457
1060.48    175.412
1160.16    77.288
1163.52    74.944
1071.68    167.546
1155.68    85.288
1207.2    33.915
1143.36    100.83
1122.08    127.318
1034.72    215.376
1029.12    222.354
1191.52    63.487
1230.72    24.457
1090.72    164.986
1011.2    244.626
1212.8    44.258
1136.64    121.263
1219.52    39.029
1088.48    170.184
1080.64    179.004
1131.04    129.173
1209.44    51.786
1201.6    62.258
1236.32    28.686
1141.12    125.808
1023.52    244.035
1094.08    173.589
1170.24    98.745
1245.28    24.8
1165.76    106.48
1239.68    35.915
1168    109.631
1252    25.8
1104.16    178.081
1262.08    20.276
1041.44    241.063
1264.32    19.343
1169.12    117.173
1225.12    61.335
1110.88    176.461
1066.08    224.605
1257.6    34.258
1179.2    113.636
1153.44    141.445
1256.48    38.601
1271.04    24.572
1277.76    19.343
1161.28    135.937
1202.72    96.402
1221.76    79.51
1184.8    116.988
1266.56    36.144
1194.88    108.516
1196    111.317
1014.56    293.32
1180.32    128.402
1258.72    51.537
1290.08    20.228
1208.32    103.944
1128.8    183.746
1293.44    20.228
1240.8    75.499
1073.92    243.95
1283.36    36.915
1272.16    48.83
1114.24    208.688
1299.04    25.572
1125.44    201.063
1241.92    85.059
1248.64    80.548
1281.12    52.915
1276.64    58.605
1300.16    36.258
1253.12    84.77
1156.8    182.044
1234.08    105.198
1215.04    126.46
1310.24    32.258
1308    35.384
1284.48    59.487
1063.84    280.461
1301.28    44.229
1113.12    233.728
1220.64    128.666
1185.92    168.265
1294.56    60.117
1334.88    20.228
1319.2    41.372
1086.24    274.376
1246.4    115.745
1344.96    20.228
1150.08    215.334
1313.6    53.487
1133.28    234.329
1287.84    85.059
1174.72    200.118
1278.88    97.745
1309.12    69.372
1249.76    128.879
1305.76    73.716
1145.6    235.177
1228.48    152.412
1159.04    224.954
1315.84    70.612
1175.84    211.978
1312.48    75.716
1232.96    156.143
1321.44    68.469
1263.2    126.974
1092.96    299.975
1181.44    211.834
1154.56    239.543
1297.92    98.86
1268.8    128.631
1304.64    93.069
1359.52    41.572
1269.92    133.631
1338.24    67.716
1341.6    65.944
1285.6    122.059
1375.2    34.029
1367.36    42.258
1370.72    39.012
1336    74.429
1390.88    20.228
1260.96    150.207
1324.8    87.305
1216.16    196.828
1384.16    31.029
1267.68    148.761
1353.92    63.716
1314.72    105.036
1399.84    20.228
1152.32    268.043
1235.2    188.118
1187.04    236.52
1330.4    93.187
1288.96    139.044
1259.84    171.755
1389.76    41.915
1265.44    167.803
1395.36    38.144
1318.08    116.238
1402.08    34.029
1358.4    78.288
1342.72    94.082
1282.24    156.66
1217.28    221.729
1347.2    91.944
1218.4    221.033
1360.64    83.144
1411.04    32.915
1213.92    230.452
1226.24    225.82
1372.96    81.694
1200.48    254.484
1199.36    256.348
1409.92    53.361
1306.88    157.112
1295.68    169.905
1247.52    218.611
1337.12    129.118
1378.56    88.288
1424.48    42.74
1374.08    94.288
1423.36    45.122
1193.76    275.749
1450.24    24.612
1250.88    225.248
1404.32    72.173
1421.12    55.8
1458.08    20.457
1434.56    45.915
1368.48    112.312
1237.44    243.72
1442.4    43.115
1204.96    281.834
1386.4    102.642
1415.52    73.607
1425.6    65.258
1357.28    133.756
1352.8    139.317
1400.96    91.288
1432.32    61.487
1455.84    39.8
1403.2    93.402
1453.6    43.258
1460.32    36.825
1452.48    45.487
1254.24    245.643
1356.16    145.516
1462.56    40.487
1446.88    59.144
1483.84    22.572
1412.16    97.807
1320.32    189.69
1381.92    131.088
1198.24    315.092
1476    38.258
1440.16    74.173
1484.96    29.915
1340.48    174.461
1394.24    120.86
1451.36    64.973
1481.6    35.029
1445.76    71.288
1275.52    243.164
1439.04    81.402
1388.64    133.974
1417.76    104.974
1286.72    236.292
1333.76    189.362
1488.32    36.094
1480.48    44.144
1501.76    26.686
1350.56    178.118
1499.52    29.915
1422.24    110.288
1291.2    241.978
1351.68    183.364
1379.68    156.195
1349.44    189.316
1441.28    98.516
1365.12    175.624
1420    122.553
1397.6    145.204
1430.08    112.838
1518.56    25.343
1487.2    57.915
1273.28    272.771
1523.04    25.457
1510.72    38.144
1332.64    218.69
1355.04    198.116
1492.8    62.716
1517.44    38.686
1346.08    210.16
1486.08    71.288
1528.64    30.686
1459.2    103.059
1444.64    118.097
1538.72    25.343
1477.12    88.83
1383.04    185.118
1362.88    205.392
1489.44    79.83
1544.32    25.686
1536.48    36.067
1369.6    203.758
1549.92    23.457
1380.8    193.986
1530.88    47.144
1443.52    134.618
1521.92    56.83
1296.8    282.292
1464.8    114.974
1465.92    117.375
1552.16    31.915
1509.6    75.944
1385.28    201.354
1376.32    213.037
1339.36    250.011
1567.84    22.572
1512.96    77.745
1433.44    157.38
1418.88    172.116
1436.8    154.432
1520.8    71.601
1328.16    269.627
1471.52    126.317
1364    233.956
1435.68    166.108
1474.88    127.186
1526.4    77.731
1396.48    209.383
1398.72    207.52
1461.44    145.66
1542.08    65.208
1506.24    101.974
1361.76    249.304
1479.36    132.546
1505.12    107.059
1497.28    115.546
1428.96    184.469
1562.24    52.258
1524.16    90.83
1532    84.527
1591.36    25.572
1561.12    56.372
1577.92    40.258
1599.2    20.228
1535.36    84.183
1468.16    151.6
1392    228.227
1568.96    51.8
1554.4    67.059
1431.2    190.376
1588    34.915
1556.64    70.487
1525.28    102.059
1511.84    116.25
1608.16    20.228
1414.4    215.605
1495.04    136.969
1516.32    118.546
1605.92    30.144
1507.36    129.269
1534.24    103.86
1557.76    80.631
1619.36    21.457
1573.44    68.592
1493.92    150.641
1469.28    175.451
1454.72    190.776
1613.76    31.851
1502.88    144.667
1527.52    121.412
1366.24    285.188
1546.56    107.745
1543.2    111.22
1537.6    116.902
1478.24    176.415
1571.2    86.297
1638.4    20.457
1515.2    143.772
1496.16    162.971
1618.24    47.533
1504    163.69
1600.32    67.944
1592.48    76.83
1539.84    130.203
1604.8    65.83
1646.24    24.457
1553.28    118.516
1490.56    181.889
1611.52    62.127
1602.56    72.045
1622.72    53.266
1651.84    25.343
1635.04    42.601
1491.68    186.404
1563.36    115.516
1632.8    46.487
1437.92    244.073
1586.88    95.525
1482.72    203.104
1661.92    24.572
1666.4    20.228
1572.32    114.497
1595.84    91.745
1644    45.258
1654.08    39.915
1473.76    220.332
1639.52    55.716
1663.04    35.144
1630.56    69.372
1500.64    199.72
1669.76    31.029
1498.4    203.69
1660.8    41.487
1623.84    79.764
1665.28    39.351
1616    89.516
1633.92    73.396
1582.4    125.86
1406.56    303.207
1675.36    35.8
1674.24    42.372
1560    158.389
1692.16    27.686
1701.12    20.228
1691.04    30.8
1467.04    256.184
1700    25.468
1629.44    96.748
1706.72    26.572
1631.68    101.775
1621.6    114.513
1570.08    171.461
1598.08    147.004
1711.2    34.029
1519.68    227.728
1717.92    30.572
1680.96    68.516
1579.04    172.844
1593.6    159.232
1584.64    169.02
1656.32    98.288
1728    28.066
1679.84    76.83
1694.4    66.059
1740.32    20.253
1684.32    76.727
1627.2    134.784
1648.48    115.516
1686.56    81.21
1713.44    54.915
1540.96    227.461
1677.6    93.516
1508.48    265.103
1614.88    161.326
1683.2    93.305
1637.28    139.323
1673.12    106.203
1697.76    82.029
1610.4    169.576
1575.68    205.615
1756    26.549
1574.56    209.004
1678.72    106.66
1558.88    229.948
1676.48    113.088
1628.32    163.151
1763.84    27.8
1757.12    35.029
1670.88    121.546
1772.8    20.228
1705.6    88.631
1583.52    218.461
1769.44    32.686
1752.64    50.144
1768.32    36.258
1566.72    238.444
1626.08    180.004
1771.68    35.029
1695.52    112.088
1719.04    88.601
1734.72    73.842
1682.08    128.745
1761.6    53.372
1749.28    67.7
1668.64    150.492
1688.8    130.98
1747.04    73.598
1620.48    202.272
1707.84    115.741
1770.56    55.601
1806.4    20.228
1801.92    26.686
1658.56    173.118
1703.36    128.983
1714.56    119.288
1687.68    147.106
1809.76    26.909
1807.52    29.686
1810.88    26.915
1779.52    60.944
1790.72    50.572
1743.68    98.631
1814.24    29.8
1647.36    199.861
1815.36    32.686
1617.12    233.232
1590.24    262.018
1826.56    26.457
1832.16    28.572
1808.64    52.258
1812    49.258
1837.76    25.343
1787.36    75.952
1829.92    34.8
1659.68    210.287
1785.12    84.974
1748.16    123.317
1828.8    42.932
1641.76    230.102
1716.8    155.781
1731.36    141.512
1696.64    179.148
1742.56    135.265
1816.48    65.059
1853.44    29.8
1745.92    137.55
1708.96    177.347
1672    214.804
1861.28    25.572
1751.52    135.974
1738.08    150.651
1844.48    45.029
1798.56    91.288
1831.04    59.944
1773.92    117.064
1724.64    168.576
1781.76    114.631
1843.36    53.915
1720.16    177.461
1813.12    85.173
1852.32    48.029
1735.84    164.609
1881.44    20.457
1750.4    152.442
1833.28    72.402
1862.4    43.487
1712.32    193.682
1859.04    47.258
1799.68    107.919
1778.4    129.764
1822.08    90.26
1782.88    129.948
1866.88    47.487
1884.8    29.681
1791.84    123.088
1624.96    291.864
1872.48    44.476
1702.24    217.461
1698.88    222.11
1885.92    39.262
1892.64    32.686
1795.2    130.373
1827.68    98.203
1657.44    270.978
1723.52    205.232
1664.16    265.749
1855.68    74.344
1907.2    26.686
1903.84    31.029
1893.76    42.144
1894.88    43.385
1847.84    91.745
1904.96    35.144
1890.4    51.372
1710.08    231.988
1841.12    102.974
1786.24    158.832
1926.24    20.228
1820.96    126.098
1865.76    81.44
1919.52    29.686
1879.2    71.716
1920.64    31.101
1897.12    55.258
1689.92    262.71
1851.2    102.487
1854.56    100.944
1754.88    202.334
1901.6    57.572
1934.08    26.915
1937.44    24.572
1873.6    95.516
1733.6    235.588
1950.88    20.228
1910.56    62.601
1936.32    37.258
1796.32    178.213
1908.32    67.745
1948.64    28.915
1729.12    249.414
1775.04    207.029
1949.76    35.686
1891.52    95.631
1930.72    57.04
1967.68    20.228
1870.24    118.4
1944.16    45.372
1741.44    252.722
1911.68    86.487
1922.88    75.601
1818.72    182.395
1875.84    125.317
1766.08    235.204
1921.76    81.173
1953.12    50.584
1767.2    239.883
1945.28    66.601
1938.56    73.752
1984.48    27.915
1803.04    209.919
1883.68    130.173
1693.28    321.328
1925.12    91.098
1846.72    169.653
1968.8    49.716
1902.72    116.546
1819.84    199.744
1918.4    102.317
1888.16    132.974
2002.4    20.228
1912.8    109.936
1996.8    26.457
2005.76    20.228
1887.04    139.317
1789.6    238.597
1980    48.76
1963.2    66.838
1882.56    149.203
1753.76    278.262
1732.48    300.892
2004.64    31.029
1927.36    108.813
1947.52    88.716
2021.44    20.228
1857.92    183.893
1868    176.461
1898.24    147.775
1978.88    67.944
1993.44    54.03
1817.6    229.97
1992.32    56.372
1856.8    195.17
2014.72    37.669
2013.6    38.915
2033.76    20.457
1991.2    63.372
1824.32    232.259
2027.04    29.915
1941.92    115.777
1880.32    178.033
2032.64    26.457
1909.44    150.26
2029.28    30.8
1952    108.288
1977.76    82.978
1842.24    222.948
1972.16    93.974
1988.96    77.974
2011.36    56.173
1965.44    102.631
1964.32    104.288
1958.72    111.974
1863.52    211.156
1800.8    274.635
1962.08    113.86
2047.2    28.8
1896    181.804
1906.08    172.144
1940.8    139.39
2060.64    20.228
2039.36    42.944
2051.68    30.8
1943.04    139.555
1990.08    93.974
2064    24.572
1915.04    174.251
1971.04    122.317
1899.36    197.55
1878.08    220.635
2048.32    50.915
1939.68    161.317
2028.16    74.601
2077.44    26.457
2056.16    52.83
1983.36    130.588
2041.6    73.83
1973.28    143.988
2072.96    44.486
1838.88    279.88
2031.52    89.133
2003.52    117.83
2096.48    29.8
1957.6    172.582
2000.16    132.889
2049.44    84.096
2059.52    74.218
1995.68    139.339
2105.44    30.686
2111.04    26.686
1836.64    304.096
1845.6    296.041
2034.88    107.778
2010.24    137.238
2102.08    45.487
2084.16    64.516
2030.4    121.088
2083.04    68.716
2116.64    35.31
1931.84    221.72
2070.72    83.47
2001.28    154.775
1960.96    195.72
2075.2    82.938
2046.08    114.546
2025.92    135.088
2114.4    48.716
2065.12    98.173
1932.96    230.339
1955.36    211.425
2098.72    73.944
2042.72    131.66
1946.4    228.724
2061.76    116.088
2057.28    121.088
2086.4    92.088
2095.36    84.91
2068.48    111.974
2117.76    63.029
2067.36    113.631
2074.08    109.516
2099.84    87.088
2078.56    110.774
1924    266.162
1874.72    316.862
2108.8    95.173
2023.68    181.151
2069.6    138.198
2006.88    201.963
2085.28    129.317
2062.88    152.461
2036    188.925
2050.56    174.848
2118.88    107.745
2076.32    151.432
2107.68    120.53
2106.56    121.775
1975.52    253.749
2094.24    136.546
2113.28    118.444
2040.48    191.262
2100.96    135.088
2066.24    172.404
2009.12    229.867
1986.72    267.092
2019.2    238.292
2052.8    206.72
2109.92    162.004
2043.84    235.262
2016.96    262.491
2090.88    190.286
2103.2    179.262
2071.84    218.063
2058.4    237.401
2012.48    284.749
2104.32    193.576
2092    224.011
2044.96    292.148
2115.52    241.834
