1000    23.572
1004.48    23.457
1005.6    23.572
1002.24    28.572
1001.12    31.8
1011.2    24.686
1014.56    22.572
1003.36    34.029
1017.92    22.572
1013.44    28.572
1020.16    22.572
1021.28    23.686
1022.4    25.8
1016.8    31.8
1019.04    31.8
1030.24    24.457
1031.36    23.572
1032.48    22.8
1025.76    29.915
1028    27.686
1033.6    22.686
1029.12    29.8
1039.2    21.457
1038.08    24.572
1041.44    22.457
1034.72    29.915
1040.32    25.572
1036.96    29.686
1047.04    22.343
1042.56    27.686
1048.16    22.572
1043.68    28.8
1045.92    26.572
1035.84    38.029
1053.76    23.457
1051.52    27.457
1050.4    29.029
1052.64    28.926
1058.24    23.686
1060.48    22.572
1062.72    22.572
1057.12    28.8
1063.84    22.572
1056    31.8
1066.08    26.572
1064.96    28.915
1070.56    24.572
1067.2    30.8
1076.16    22.572
1081.76    20.457
1075.04    27.457
1077.28    25.572
1072.8    31.457
1086.24    23.457
1089.6    24.915
1090.72    23.909
1082.88    31.8
1084    33.572
1092.96    25.686
1095.2    24.343
1091.84    27.8
1097.44    23.8
1094.08    28.8
1098.56    24.457
1099.68    24.343
1104.16    24.343
1100.8    29.686
1106.4    25.686
1108.64    23.572
1103.04    30.155
1107.52    26.686
1101.92    33.686
1113.12    22.572
1105.28    31.8
1112    28.024
1115.36    27.457
1120.96    22.572
1110.88    34.029
1122.08    23.572
1114.24    31.8
1117.6    33.8
1124.32    29.915
1127.68    27.258
1134.4    22.572
1131.04    26.686
1129.92    28.8
1119.84    39.686
1133.28    27.8
1137.76    23.8
1135.52    26.457
1141.12    23.686
1138.88    26.686
1144.48    24.343
1146.72    24.457
1148.96    23.457
1150.08    22.343
1151.2    21.343
1153.44    23.572
1147.84    31.8
1152.32    27.915
1161.28    20.457
1155.68    28.572
1157.92    26.8
1162.4    24.686
1154.56    33.8
1159.04    29.686
1166.88    22.457
1156.8    33.886
1164.64    26.8
1160.16    33.8
1170.24    24.572
1174.72    20.457
1168    27.686
1172.48    23.572
1165.76    32.144
1169.12    29.8
1171.36    30.029
1181.44    22.572
1173.6    31.572
1175.84    29.686
1179.2    26.686
1182.56    24.572
1180.32    27.457
1176.96    30.915
1191.52    20.457
1185.92    26.8
1189.28    23.686
1184.8    28.8
1187.04    30.8
1194.88    23.572
1188.16    30.686
1196    24.343
1197.12    24.915
1198.24    24.572
1192.64    31.457
1201.6    23.686
1203.84    24.8
1202.72    26.686
1208.32    21.572
1200.48    29.937
1209.44    26.686
1210.56    25.68
1204.96    31.457
1216.16    21.457
1211.68    28.686
1215.04    25.572
1219.52    21.457
1218.4    26.686
1222.88    22.457
1221.76    24.572
1224    22.457
1217.28    29.686
1225.12    25.926
1229.6    24.457
1227.36    27.686
1226.24    29.686
1234.08    23.457
1231.84    25.915
1237.44    21.343
1230.72    29.8
1236.32    24.572
1235.2    27.686
1238.56    24.44
1240.8    23.572
1245.28    21.343
1246.4    24.457
1232.96    38.8
1249.76    24.343
1247.52    26.697
1248.64    26.457
1244.16    31.549
1253.12    26.686
1254.24    27.686
1255.36    28.572
1256.48    28.686
1262.08    24.457
1265.44    22.572
1266.56    23.572
1267.68    23.457
1257.6    34.686
1269.92    23.572
1259.84    33.686
1273.28    20.457
1264.32    32.8
1276.64    23.572
1268.8    32.915
1274.4    28.8
1277.76    26.572
1280    24.582
1281.12    23.686
1284.48    23.686
1278.88    29.8
1288.96    21.343
1283.36    27.8
1286.72    26.572
1285.6    29.686
1287.84    28.572
1293.44    23.686
1292.32    25.686
1296.8    23.686
1294.56    27.686
1301.28    23.457
1297.92    28.029
1303.52    22.68
1302.4    24.8
1299.04    28.572
1309.12    22.457
1308    24.343
1300.16    32.686
1305.76    28.686
1312.48    23.457
1310.24    26.8
1304.64    32.8
1311.36    26.8
1315.84    22.572
1316.96    22.457
1306.88    32.686
1320.32    21.457
1314.72    29.457
1322.56    22.572
1321.44    24.343
1324.8    23.926
1319.2    29.812
1329.28    22.686
1325.92    26.686
1330.4    22.572
1328.16    26.8
1327.04    29.8
1332.64    24.572
1331.52    26.686
1333.76    24.457
1334.88    26.686
1338.24    26.686
1343.84    23.572
1340.48    28.686
1339.36    31.457
1346.08    25.8
1348.32    24.343
1337.12    36.915
1352.8    22.457
1353.92    21.572
1349.44    27.686
1356.16    24.343
1358.4    28.686
1361.76    28.915
1365.12    29.686
1371.84    23.572
1370.72    27.572
1368.48    31.549
1372.96    27.686
1378.56    22.457
1374.08    27.686
1379.68    24.457
1383.04    24.572
1381.92    26.8
1384.16    24.915
1387.52    23.572
1380.8    30.572
1389.76    22.572
1385.28    28.572
1390.88    28.686
1395.36    24.572
1394.24    27.686
1393.12    30.258
1397.6    27.686
1405.44    22.572
1400.96    27.686
1403.2    28.8
1404.32    29.144
1409.92    25.686
1406.56    29.8
1407.68    30.915
1408.8    29.8
1412.16    26.8
1414.4    27.572
1416.64    26.686
1422.24    24.686
1418.88    28.686
1425.6    22.343
1417.76    33.8
1424.48    27.8
1428.96    24.343
1427.84    25.572
1431.2    24.572
1436.8    22.343
1433.44    27.686
1432.32    31.457
1434.56    29.8
1435.68    28.8
1442.4    24.572
1443.52    23.8
1440.16    28.572
1449.12    26.686
1455.84    21.457
1451.36    26.457
1453.6    24.457
1454.72    23.8
1446.88    31.915
1452.48    26.8
1444.64    34.915
1448    31.8
1460.32    22.572
1458.08    27.686
1464.8    25.572
1468.16    22.457
1465.92    25.686
1462.56    31.8
1463.68    35.8
1473.76    26.572
1474.88    26.915
1476    26.8
1471.52    31.8
1472.64    31.686
1469.28    35.915
1482.72    22.589
1479.36    28.8
1477.12    31.457
1486.08    23.686
1484.96    26.686
1483.84    29.8
1491.68    22.572
1480.48    33.8
1489.44    26.68
1493.92    26.8
1495.04    25.795
1490.56    31.029
1492.8    31.457
1497.28    28.572
1501.76    26.926
1499.52    29.8
1498.4    31.457
1509.6    21.343
1500.64    30.572
1507.36    26.029
1511.84    22.343
1502.88    32.686
1508.48    28.686
1506.24    31.457
1515.2    22.572
1516.32    21.457
1504    33.812
1519.68    22.572
1520.8    22.343
1514.08    29.686
1518.56    26.686
1523.04    23.572
1526.4    20.457
1512.96    34.8
1525.28    24.572
1524.16    28.572
1529.76    23.572
1528.64    26.721
1534.24    23.572
1535.36    23.457
1538.72    22.572
1527.52    33.915
1539.84    22.572
1533.12    29.8
1542.08    25.686
1545.44    22.572
1544.32    23.795
1548.8    23.686
1540.96    33.686
1554.4    24.572
1553.28    27.915
1555.52    28.8
1560    24.468
1556.64    28.686
1558.88    26.686
1562.24    23.686
1563.36    23.8
1564.48    24.686
1565.6    24.572
1568.96    24.572
1566.72    26.926
1572.32    21.343
1575.68    22.572
1577.92    28.8
1583.52    23.457
1585.76    24.457
1576.8    33.8
1582.4    28.572
1573.44    38.8
1592.48    21.343
1586.88    28.572
1588    27.566
1596.96    22.572
1598.08    22.572
1595.84    25.8
1593.6    29.8
1605.92    21.343
1603.68    23.686
1599.2    28.8
1601.44    26.686
1600.32    29.812
1609.28    24.572
1604.8    29.686
1612.64    22.457
1607.04    28.572
1608.16    33.915
1613.76    28.915
1624.96    22.686
1616    31.76
1620.48    27.904
1617.12    31.8
1619.36    30.8
1621.6    28.572
1626.08    25.686
1628.32    24.457
1623.84    30.915
1632.8    22.572
1633.92    23.457
1636.16    22.572
1629.44    29.686
1635.04    25.572
1639.52    22.572
1641.76    22.572
1645.12    24.572
1647.36    22.572
1649.6    22.572
1642.88    29.8
1650.72    23.457
1644    31.572
1648.48    27.8
1655.2    23.572
1651.84    32.8
1660.8    25.686
1663.04    23.572
1657.44    29.686
1656.32    32.915
1658.56    31.457
1666.4    24.457
1665.28    25.915
1664.16    27.457
1668.64    23.686
1667.52    25.572
1669.76    23.686
1675.36    23.457
1661.92    37.029
1673.12    29.686
1676.48    27.457
1678.72    31.457
1683.2    27.457
1679.84    31.457
1670.88    41.144
1684.32    27.8
1688.8    25.686
1686.56    29.686
1695.52    22.572
1697.76    20.457
1677.6    40.915
1691.04    27.686
1696.64    22.343
1687.68    33.8
1698.88    24.343
1700    23.696
1702.24    22.686
1707.84    25.572
1713.44    21.457
1708.96    26.686
1714.56    21.457
1711.2    25.457
1706.72    30.8
1703.36    35.029
1705.6    32.915
1710.08    30.8
1721.28    20.457
1715.68    31.915
1725.76    23.457
1717.92    31.8
1728    22.343
1722.4    29.686
1730.24    23.686
1724.64    29.8
1723.52    32.686
1726.88    29.8
1729.12    28.812
1739.2    20.457
1732.48    27.572
1733.6    28.915
1734.72    28.572
1742.56    21.343
1741.44    22.572
1735.84    28.8
1744.8    21.457
1740.32    28.572
1747.04    26.572
1750.4    24.457
1743.68    31.8
1752.64    27.686
1759.36    22.572
1761.6    23.572
1756    29.686
1764.96    21.572
1762.72    24.915
1758.24    31.457
1769.44    20.457
1766.08    24.457
1768.32    25.572
1770.56    26.8
1773.92    23.686
1763.84    34.029
1777.28    22.343
1776.16    23.686
1778.4    21.572
1772.8    27.8
1775.04    26.686
1780.64    22.457
1784    23.572
1785.12    23.457
1781.76    29.915
1788.48    24.343
1779.52    35.029
1789.6    26.457
1794.08    22.343
1786.24    31.457
1787.36    30.572
1795.2    23.457
1798.56    21.457
1791.84    31.457
1790.72    32.8
1792.96    30.8
1801.92    22.572
1803.04    22.572
1806.4    22.572
1796.32    32.686
1809.76    22.572
1804.16    30.8
1810.88    24.572
1812    23.686
1799.68    36.144
1815.36    21.343
1813.12    24.686
1814.24    23.8
1817.6    22.457
1805.28    36.915
1823.2    21.457
1822.08    26.029
1819.84    28.686
1818.72    29.92
1826.56    22.572
1816.48    33.686
1829.92    20.457
1828.8    23.686
1824.32    31.457
1827.68    31.8
1832.16    28.572
1834.4    28.8
1835.52    30.915
1842.24    24.572
1840    27.811
1846.72    21.457
1845.6    23.572
1844.48    27.915
1853.44    20.457
1851.2    27.686
1855.68    23.572
1856.8    23.572
1848.96    33.258
1850.08    32.8
1860.16    23.572
1857.92    28.686
1861.28    25.686
1859.04    30.8
1862.4    27.686
1865.76    27.915
1872.48    21.457
1870.24    26.686
1873.6    28.8
1875.84    30.572
1876.96    31.887
1880.32    28.686
1882.56    26.8
1879.2    30.572
1890.4    21.572
1884.8    31.686
1885.92    30.915
1891.52    25.457
1889.28    29.258
1896    22.652
1892.64    28.572
1893.76    31.457
1894.88    30.8
1899.36    27.457
1898.24    28.692
1888.16    39.144
1904.96    22.572
1897.12    30.8
1909.44    23.688
1902.72    30.8
1911.68    23.686
1907.2    28.572
1906.08    30.8
1917.28    20.457
1913.92    24.686
1915.04    23.572
1912.8    28.572
1921.76    22.572
1922.88    26.686
1919.52    30.572
1924    31.8
1929.6    26.686
1931.84    24.572
1926.24    31.8
1927.36    31.686
1930.72    28.8
1939.68    22.343
1934.08    28.8
1938.56    28.8
1941.92    25.692
1936.32    31.457
1944.16    27.686
1949.76    23.572
1945.28    28.915
1950.88    23.686
1948.64    31.457
1954.24    25.915
1946.4    33.8
1952    28.909
1940.8    40.915
1955.36    28.686
1963.2    22.572
1957.6    30.8
1958.72    29.8
1966.56    23.572
1960.96    29.686
1968.8    22.343
1965.44    26.915
1967.68    25.686
1962.08    31.8
1959.84    35.686
1969.92    25.686
1971.04    24.572
1974.4    22.457
1975.52    22.343
1977.76    22.572
1973.28    28.572
1976.64    25.572
1980    24.353
1981.12    25.686
1985.6    21.457
1984.48    23.572
1987.84    21.343
1986.72    22.572
1982.24    27.686
1983.36    29.8
1992.32    22.457
1990.08    25.686
1991.2    24.686
1993.44    22.572
1995.68    21.343
1988.96    28.686
1994.56    24.457
1997.92    22.572
1999.04    24.457
2005.76    21.343
2003.52    24.457
2000.16    29.8
2010.24    21.343
2009.12    22.572
2011.36    21.457
2012.48    22.572
2008    29.686
2016.96    24.572
2014.72    27.04
2018.08    24.343
2024.8    20.457
2020.32    27.8
2025.92    22.572
2021.44    27.915
2022.56    29.8
2023.68    29.029
2029.28    24.457
2030.4    24.343
2032.64    22.343
2031.52    27.8
2034.88    24.572
2040.48    26.572
2042.72    26.686
2041.6    29.457
2043.84    27.8
2038.24    33.572
2050.56    24.457
2051.68    23.572
2047.2    28.572
2044.96    31.457
2052.8    26.686
2053.92    26.029
2048.32    32.915
2060.64    22.572
2064    23.686
2057.28    31.457
2059.52    29.915
2065.12    25.8
2055.04    36.572
2068.48    25.572
2070.72    24.572
2072.96    22.446
2062.88    34.029
2071.84    27.686
2076.32    24.457
2078.56    26.8
2081.92    23.686
2085.28    20.457
2075.2    31.8
2087.52    24.343
2083.04    31.8
2086.4    29.686
2093.12    23.572
2084.16    33.915
2095.36    22.8
2080.8    37.783
2089.76    29.686
2088.64    31.8
2098.72    22.457
2094.24    30.915
2097.6    28.029
2106.56    21.457
2104.32    25.572
2102.08    29.686
2100.96    31.144
2096.48    37.915
2108.8    28.572
2109.92    28.8
2111.04    27.795
2112.16    26.686
2113.28    25.68
2116.64    23.572
2107.68    33.8
2117.76    27.915
