1005.6    27.72
1004.48    29.576
1008.96    27.432
1003.36    76.198
1016.8    62.873
1029.12    52.014
1054.88    26.576
1006.72    76.728
1045.92    45.406
1061.6    31.576
1069.44    25.254
1039.2    56.088
1060.48    35.641
1064.96    40.76
1036.96    69.182
1070.56    36.592
1017.92    92.512
1047.04    64.785
1075.04    39.273
1028    87.27
1014.56    101.102
1002.24    120.16
1001.12    122.424
1051.52    72.584
1084    44.846
1073.92    55.584
1094.08    37.049
1106.4    27.888
1012.32    122.953
1078.4    57.584
1019.04    117.4
1041.44    96.264
1013.44    128.099
1114.24    28.443
1052.64    90.201
1032.48    111.96
1066.08    80.472
1010.08    137.872
1025.76    122.304
1048.16    100.544
1022.4    127.232
1034.72    114.982
1126.56    25.768
1095.2    58.04
1011.2    148.792
1128.8    32.864
1085.12    77.728
1068.32    98.684
1098.56    68.897
1116.48    52.888
1035.84    133.865
1026.88    143.184
1100.8    71.104
1129.92    42.168
1133.28    40.265
1056    122.668
1072.8    106.11
1063.84    115.465
1117.6    62.454
1015.68    164.769
1080.64    100.558
1053.76    127.736
1096.32    85.273
1103.04    78.632
1089.6    93.137
1081.76    101.209
1031.36    152.241
1134.4    49.481
1099.68    87.408
1140    51.494
1115.36    77.278
1090.72    106.737
1042.56    154.908
1062.72    134.827
1136.64    62.296
1021.28    178.16
1145.6    55.273
1175.84    25.672
1082.88    119.137
1170.24    32.398
1155.68    54.68
1107.52    105.681
1067.2    146.726
1154.56    61.8
1132.16    85.233
1038.08    179.424
1185.92    32.76
1058.24    163.225
1148.96    72.832
1159.04    66.896
1150.08    79.702
1184.8    46.227
1164.64    67.14
1206.08    28.744
1112    124.276
1108.64    130.56
1163.52    76.846
1168    73.326
1091.84    152.872
1131.04    115.904
1204.96    43.59
1220.64    29.054
1208.32    41.44
1161.28    91.744
1113.12    140.888
1144.48    109.688
1234.08    24.432
1156.8    105
1211.68    51.264
1040.32    223.768
1196    68.92
1229.6    35.856
1224    42.769
1230.72    37.024
1171.36    96.737
1071.68    197.2
1110.88    159.195
1174.72    97.28
1236.32    36.665
1143.36    129.784
1101.92    172.848
1199.36    76.552
1218.4    61.182
1000    279.595
1239.68    39.944
1125.44    155.459
1256.48    24.726
1219.52    62.83
1244.16    39.713
1191.52    94.742
1079.52    207.268
1210.56    76.483
1076.16    212.702
1260.96    29.046
1050.4    240.176
1240.8    50.523
1192.64    98.728
1200.48    91.472
1253.12    39.041
1166.88    127.425
1217.28    78.473
1221.76    74.977
1152.32    144.577
1023.52    273.659
1135.52    162.521
1162.4    136.976
1267.68    32.208
1238.56    61.443
1118.72    181.459
1250.88    50.001
1222.88    79.96
1231.84    73.041
1119.84    185.064
1280    27.825
1227.36    81.827
1241.92    67.835
1141.12    169.817
1255.36    56.56
1249.76    63.36
1194.88    120.6
1237.44    78.889
1030.24    286.384
1173.6    146.281
1275.52    44.537
1182.56    141.321
1228.48    96.302
1088.48    237.953
1245.28    81.849
1180.32    153.145
1295.68    38.608
1097.44    239.625
1302.4    34.937
1243.04    95.385
1190.4    148.15
1105.28    233.452
1297.92    41.097
1273.28    66.785
1226.24    114.243
1172.48    168.729
1286.72    56.864
1284.48    59.552
1318.08    26.744
1142.24    207.849
1283.36    67.054
1198.24    153.318
1252    101.008
1271.04    82.195
1311.36    42.112
1086.24    274.755
1122.08    239.537
1024.64    337.937
1313.6    49.859
1325.92    38.368
1329.28    37.864
1188.16    179.752
1301.28    69.265
1292.32    78.321
1189.28    181.912
1347.2    24.576
1337.12    35.216
1268.8    104.304
1282.24    91.24
1308    66.793
1212.8    162.097
1331.52    44.417
1278.88    97.161
1288.96    87.6
1305.76    73.529
1323.68    55.793
1187.04    193.832
1350.56    30.787
1216.16    165.856
1338.24    44.649
1263.2    120.401
1341.6    44.011
1147.84    238.417
1178.08    208.361
1235.2    152.873
1352.8    35.579
1334.88    54.233
1183.68    205.537
1201.6    190.211
1138.88    253.881
1225.12    167.835
1193.76    200.131
1049.28    344.625
1336    58.099
1304.64    92.563
1259.84    138.947
1215.04    185.172
1277.76    123.563
1165.76    235.596
1262.08    141.123
1367.36    36.008
1359.52    45.928
1376.32    32.864
1348.32    61.768
1378.56    31.846
1265.44    145.897
1294.56    118.072
1360.64    52.459
1300.16    117.673
1246.4    171.48
1365.12    53.2
1328.16    90.486
1370.72    48.257
1355.04    63.984
1120.96    299.208
1310.24    112.659
1287.84    139.024
1127.68    300.328
1400.96    27.432
1398.72    30.816
1357.28    72.488
1383.04    47.569
1203.84    226.84
1266.56    165.264
1303.52    131.168
1322.56    112.996
1409.92    26.905
1408.8    28.545
1059.36    380.257
1412.16    27.473
1396.48    44.184
1044.8    395.961
1374.08    66.697
1146.72    297.008
1324.8    119.624
1349.44    98.865
1358.4    90.233
1209.44    239.44
1385.28    63.641
1384.16    65.835
1207.2    243.681
1402.08    51.472
1343.84    110.856
1361.76    93.644
1293.44    166.939
1389.76    70.888
1043.68    422.593
1387.52    78.936
1179.2    288.963
1312.48    155.72
1327.04    142.36
1202.72    267.98
1369.6    101.512
1444.64    27.616
1316.96    156.44
1441.28    33.864
1368.48    107.11
1411.04    67.694
1436.8    43.124
1443.52    36.737
1435.68    45.073
1033.6    447.71
1109.76    371.641
1314.72    167.177
1424.48    58.385
1342.72    140.288
1451.36    31.864
1446.88    36.776
1181.44    302.848
1454.72    30.712
1459.2    27.6
1450.24    37.225
1407.68    80.352
1418.88    69.188
1153.44    335.457
1403.2    86.841
1380.8    111.406
1157.92    334.46
1377.44    115.361
1366.24    127.284
1462.56    31.136
1392    102.761
1372.96    123.128
1232.96    265.297
1092.96    407.283
1416.64    86.256
1461.44    42.145
1254.24    249.502
1309.12    194.995
1420    85.056
1386.4    122.172
1417.76    91.084
1484.96    25.028
1480.48    29.72
1394.24    117.809
1296.8    215.809
1432.32    80.865
1426.72    88.329
1463.68    52.606
1393.12    124.31
1431.2    89.985
1428.96    92.504
1319.2    202.659
1496.16    29.888
1489.44    37.864
1087.36    440.345
1390.88    138.024
1257.6    272.208
1506.24    29.384
1356.16    181.545
1213.92    324.929
1492.8    53.945
1433.44    114.489
1104.16    445.172
1507.36    42.809
1276.64    273.577
1440.16    111.496
1421.12    131.46
1482.72    70.08
1452.48    100.937
1476    77.944
1430.08    124.368
1427.84    127.777
1510.72    46.152
1529.76    29.496
1521.92    38.48
1473.76    86.728
1160.16    401.384
1519.68    42.096
1340.48    221.523
1448    114.913
1258.72    307.096
1169.12    397.84
1481.6    91.088
1290.08    282.793
1499.52    74.776
1508.48    66.992
1516.32    59.2
1339.36    237.041
1434.56    142.056
1456.96    120.185
1281.12    298.339
1285.6    294.304
1549.92    30.113
1520.8    59.5
1405.44    175.608
1464.8    116.377
1291.2    290.36
1546.56    35.632
1346.08    237.256
1478.24    105.464
1404.32    179.561
1537.6    48.08
1535.36    53.44
1487.2    102.008
1560    30.249
1321.44    269.907
1524.16    70.008
1552.16    44.208
1493.92    102.632
1490.56    106.952
1379.68    218.601
1486.08    112.576
1474.88    124.92
1557.76    44.678
1483.84    120.622
1333.76    271.476
1465.92    140.227
1547.68    59.217
1502.88    105.521
1517.44    92.598
1540.96    69.886
1582.4    29.59
1176.96    435.609
1558.88    56.921
1536.48    82.497
1514.08    106.728
1593.6    30.688
1437.92    186.672
1453.6    171.648
1548.8    77.334
1471.52    156.016
1551.04    77.371
1415.52    214.64
1468.16    163.251
1504    128.979
1272.16    361.744
1603.68    33.961
1509.6    129.649
1458.08    182.313
1601.44    40.097
1381.92    260.761
1590.24    52.48
1351.68    292.184
1425.6    218.489
1543.2    102.353
1306.88    338.888
1445.76    201.152
1617.12    29.848
1488.32    159.257
1611.52    36.72
1620.48    28.552
1422.24    230.656
1330.4    324.443
1574.56    81.206
1467.04    188.956
1299.04    357.39
1622.72    34.411
1364    293.574
1497.28    160.995
1618.24    40.912
1375.2    285.096
1505.12    160.369
1613.76    55.537
1539.84    129.841
1630.56    39.137
1526.4    144.315
1598.08    72.92
1602.56    70.584
1399.84    274.992
1635.04    45.486
1642.88    38.009
1580.16    104.384
1616    69.435
1626.08    59.568
1656.32    29.72
1604.8    81.992
1498.4    189.425
1455.84    232.169
1609.28    79.732
1564.48    124.934
1612.64    77.041
1562.24    128.072
1605.92    86.787
1460.32    232.931
1624.96    69.873
1511.84    183.713
1566.72    129.393
1599.2    97.121
1655.2    41.497
1197.12    501.267
1636.16    64.297
1469.28    231.566
1672    30.001
1640.64    64.2
1479.36    225.854
1575.68    131.049
1677.6    30.097
1675.36    32.624
1639.52    68.728
1633.92    77.184
1673.12    39.297
1663.04    50.409
1650.72    63.873
1623.84    91.897
1683.2    35.16
1371.84    349.086
1660.8    61.478
1695.52    27.456
1688.8    34.184
1406.56    317.568
1594.72    129.414
1676.48    48.936
1693.28    33.008
1661.92    66.385
1577.92    151.286
1470.4    258.905
1544.32    187.201
1711.2    24.619
1527.52    210.176
1658.56    80.105
1652.96    86.42
1694.4    45.348
1638.4    101.736
1584.64    157.075
1696.64    47.256
1664.16    82.057
1621.6    125.552
1563.36    184.001
1707.84    40.665
1701.12    51.001
1689.92    68.088
1721.28    37.744
1715.68    44.974
1670.88    92.488
1719.04    45.416
1668.64    96.377
1414.4    351.88
1686.56    80.864
1716.8    51.065
1595.84    172.924
1739.2    29.72
1589.12    180.763
1726.88    45.763
1674.24    100.856
1710.08    65.091
1542.08    233.876
1748.16    28.529
1581.28    195.82
1679.84    97.993
1533.12    248.281
1607.04    175.505
1565.6    217.593
1648.48    135.209
1708.96    75.542
1724.64    61.137
1725.76    62.624
1767.2    24.432
1705.6    86.937
1761.6    31.864
1678.72    114.953
1586.88    207.376
1495.04    299.921
1728    67.772
1753.76    43.344
1528.64    269.132
1332.64    466.87
1740.32    59.868
1685.44    116.011
1776.16    26.435
1585.76    216.848
1750.4    58.66
1576.8    233.006
1538.72    271.484
1703.36    107.008
1423.36    387.988
1729.12    82.574
1742.56    69.297
1512.96    299.532
1785.12    27.718
1649.6    164.036
1720.16    97.188
1775.04    45.296
1554.4    266.249
1787.36    33.98
1756    65.48
1747.04    77.616
1745.92    79.081
1788.48    37.776
1777.28    49.273
1769.44    57.96
1555.52    272.177
1596.96    231.881
1797.44    31.888
1680.96    149.512
1713.44    118.648
1782.88    49.296
1738.08    95.24
1530.88    303.584
1684.32    151.331
1439.04    397.198
1722.4    114.465
1744.8    92.272
1778.4    59.963
1553.28    285.24
1362.88    476.104
1501.76    340.252
1796.32    45.803
1608.16    234.297
1800.8    42.356
1730.24    115.36
1786.24    59.699
1798.56    48.296
1751.52    95.563
1413.28    434.776
1762.72    85.507
1632.8    216.571
1573.44    277.107
1773.92    78.03
1388.64    465.721
1799.68    56.161
1515.2    341.929
1833.28    24.432
1651.84    208.441
1641.76    219.87
1687.68    177.345
1691.04    174.416
1561.12    304.646
1816.48    51.571
1818.72    51.225
1813.12    57.987
1556.64    314.472
1827.68    43.777
1772.8    99.451
1848.96    24.432
1274.4    599.057
1631.68    242.856
1768.32    111.385
1659.68    225.169
1829.92    56.073
1864.64    24.456
1646.24    242.864
1518.56    372.766
1269.92    623.107
1856.8    38.864
1805.28    90.595
1771.68    125.192
1723.52    174.049
1629.44    268.248
1842.24    56.132
1665.28    233.424
1860.16    40.688
1669.76    231.131
1809.76    92.232
1869.12    33.097
1789.6    114.096
1760.48    143.918
1838.88    66.292
1851.2    55.489
1854.56    52.872
1875.84    32.248
1749.28    160.808
1846.72    63.464
1847.84    63.086
1862.4    49.225
1397.6    515.169
1832.16    83.444
1743.68    172.534
1572.32    343.926
1758.24    159.032
1879.2    38.697
1477.12    441.296
1784    136.502
1892.64    29.72
1884.8    37.99
1545.44    378.064
1835.52    89.128
1804.16    120.504
1731.36    195.459
1647.36    279.459
1822.08    105.598
1899.36    29.864
1873.6    58.528
1814.24    119.032
1885.92    48.393
1841.12    94.321
1752.64    182.92
1824.32    113.347
1872.48    66.03
1898.24    43.72
1698.88    243.868
1764.96    178.137
1808.64    135.024
1912.8    31.236
1883.68    60.654
1770.56    178.145
1682.08    269.16
1704.48    248.04
1532    422.619
1836.64    118.176
1837.76    120.201
1910.56    47.592
1815.36    143.214
1819.84    139.561
1881.44    78.232
1706.72    252.998
1627.2    333.904
1904.96    56.264
1657.44    305.35
1941.92    25.576
1929.6    39.08
1834.4    135.089
1820.96    148.92
1861.28    108.672
1840    131.52
1945.28    27.432
1944.16    28.864
1637.28    337.772
1806.4    169.398
1950.88    27.928
1949.76    32.392
1741.44    241.841
1937.44    46.873
1610.4    374.025
1852.32    133.249
1909.44    76.414
1931.84    56.4
1863.52    124.82
1928.48    63.673
1917.28    76.416
1948.64    45.336
1934.08    62.904
1903.84    95.952
1925.12    76.12
1927.36    74.137
1491.68    514.384
1888.16    118.24
1825.44    181.073
1896    110.728
1967.68    39.864
1645.12    362.449
1932.96    74.643
1871.36    137.328
1831.04    177.673
1567.84    447.68
1766.08    249.862
1897.12    120.4
1978.88    39.72
1985.6    33.057
1891.52    129.132
1922.88    98.425
1943.04    79.432
1779.52    246.532
1600.32    427.705
1734.72    294.364
1882.56    147.275
1954.24    75.662
1993.44    37.484
1592.48    439.257
1344.96    687.108
1920.64    111.891
1991.2    42.728
1855.68    178.44
1947.52    88.128
2001.28    38.224
1666.4    375.635
1964.32    78.984
1702.24    342.137
2008    36.745
2013.6    33.432
1974.4    72.718
1971.04    78.536
2019.2    30.576
1975.52    76.108
1817.6    234.707
1996.8    56.619
2022.56    34.281
1876.96    180.976
1570.08    487.905
1976.64    82.529
1992.32    67.856
1982.24    80.224
1969.92    92.963
2036    27.204
1915.04    149.371
1986.72    79.235
1889.28    178.824
1906.08    162.336
2027.04    42.52
2021.44    49.584
1568.96    506.23
2018.08    58.254
1926.24    152.433
1940.8    138.822
2034.88    44.937
2046.08    34.032
2050.56    30.968
1628.32    454.952
2011.36    73.056
1960.96    124.793
1878.08    211.608
2010.24    79.736
1936.32    154.512
1792.96    298.032
1763.84    328.07
1963.2    129.864
2040.48    56.112
1759.36    337.817
1880.32    218.001
2047.2    51.233
1654.08    445.2
1859.04    240.787
1984.48    117.896
1930.72    172.881
1692.16    411.958
1966.56    138.94
2059.52    46.688
1999.04    108.281
1972.16    136.408
2061.76    48.632
1887.04    225.48
1865.76    248.376
2066.24    50.737
1845.6    272.521
2086.4    32.865
2080.8    39.881
2094.24    26.576
2083.04    38.92
1965.44    156.632
1823.2    299.934
2002.4    121
2062.88    61.664
2042.72    85.736
1988.96    140.64
1850.08    280.689
2103.2    28.12
2085.28    46.865
1583.52    549.336
2072.96    61.752
1981.12    154.019
2043.84    91.854
1946.4    190.438
1781.76    359.264
2060.64    80.592
2100.96    41.224
1791.84    351.488
2049.44    95.992
2044.96    102.728
1857.92    290.912
2107.68    41.44
1712.32    436.923
1736.96    414.571
2024.8    127.601
2075.2    77.656
1757.12    396.123
1953.12    201.267
2099.84    57.841
2116.64    43.614
2084.16    76.168
1810.88    350.366
2015.84    145.632
2114.4    47.097
2109.92    52.632
2055.04    108.656
2074.08    89.672
2108.8    56.04
2064    101.04
2068.48    97.784
1973.28    193.011
1807.52    359.915
2104.32    63.177
2089.76    78.392
2095.36    73.529
2079.68    95.337
2113.28    63.152
2081.92    94.784
1980    197.041
2058.4    119.785
1997.92    186.841
2111.04    74.696
2092    94.051
1795.2    392.113
2020.32    168.352
2098.72    93.66
2016.96    178.096
2096.48    101.083
1907.2    298.504
1994.56    214.291
1619.36    592.164
2051.68    162.201
2023.68    190.768
2093.12    122.747
2065.12    152.784
1908.32    309.657
1780.64    437.352
2090.88    127.459
2041.6    179.248
1900.48    322.996
2070.72    158.435
1803.04    427.259
1732.48    503.272
2115.52    123.945
2076.32    165.08
1990.08    252.241
1968.8    277.265
1890.4    356.796
2005.76    244.857
2003.52    256.076
2039.36    220.272
1812    450.859
1918.4    345.982
1958.72    307.593
2102.08    167.888
1866.88    404.472
1801.92    471.04
2033.76    251.417
1893.76    396.104
1735.84    555.225
1902.72    391.553
1868    428.396
1983.36    314.18
1987.84    317.878
1754.88    557.286
1874.72    442.608
1828.8    490.308
1952    374.582
1977.76    358.822
1826.56    510.808
1921.76    431.465
1919.52    442.038
1579.04    785.414
2037.12    327.79
1957.6    417.059
1911.68    468.696
1938.56    443.646
1853.44    531.91
1894.88    500.902
2014.72    407.782
2025.92    396.673
1870.24    555.585
1955.36    473.484
2071.84    362.915
1916.16    533.342
2078.56    377.948
2106.56    351.092
2088.64    371.088
2069.6    391.726
2105.44    363.787
2009.12    461.251
2087.52    396.064
1956.48    556.648
2031.52    498.441
2056.16    486.555
2112.16    441.089
2029.28    576.497
2038.24    573.048
2057.28    564.339
2097.6    531.809
2117.76    545.222
2053.92    627.102
2052.8    637.763
2077.44    675.884
2004.64    784.614
1935.2    989.113
2118.88    868.398
1995.68    1068.61
