1005.6    17.6
1003.36    21.576
1044.8    9.462
1004.48    50.676
1025.76    34.152
1010.08    50.796
1054.88    9.432
1024.64    52.409
1031.36    53.728
1022.4    62.814
1053.76    34.819
1064.96    28.443
1038.08    56.443
1014.56    82.232
1020.16    76.651
1040.32    57.635
1008.96    92.888
1019.04    90.824
1032.48    78.216
1029.12    82.72
1087.36    26.008
1051.52    62.608
1067.2    50.992
1101.92    18.744
1059.36    64.076
1030.24    96.628
1011.2    116.58
1089.6    39.324
1041.44    87.716
1063.84    67.761
1081.76    59.488
1094.08    48.976
1128.8    18.091
1126.56    21.576
1007.84    143.019
1060.48    91.87
1092.96    61.06
1049.28    105.515
1132.16    23.123
1045.92    110.507
1136.64    21.576
1012.32    145.907
1058.24    101.131
1152.32    12.412
1103.04    65.816
1002.24    168.728
1079.52    92.192
1068.32    106.98
1097.44    83.98
1070.56    112.084
1043.68    142.316
1160.16    32.296
1116.48    78.825
1169.12    27.395
1095.2    103.537
1145.6    53.203
1187.04    12.907
1066.08    134.945
1026.88    177.577
1052.64    151.825
1075.04    131.281
1162.4    46.688
1124.32    84.87
1048.16    162.072
1120.96    90.416
1125.44    86.038
1159.04    54.284
1114.24    100.228
1104.16    110.75
1080.64    138.846
1180.32    40.171
1001.12    220.515
1023.52    198.254
1122.08    100.699
1188.16    39.889
1086.24    142.555
1208.32    20.873
1072.8    158.283
1183.68    47.801
1107.52    126.995
1090.72    147.227
1096.32    142.928
1035.84    204.224
1218.4    23.008
1062.72    179.96
1147.84    97.128
1118.72    127.108
1229.6    18.219
1231.84    17.123
1141.12    109.568
1155.68    99.74
1021.28    241.004
1082.88    181.846
1135.52    130.196
1017.92    249.657
1213.92    54.801
1138.88    130.425
1239.68    30.32
1127.68    142.769
1142.24    129.249
1222.88    49.753
1192.64    81.137
1166.88    108.145
1050.4    228.057
1129.92    149.681
1170.24    110.208
1207.2    78.795
1189.28    97.99
1140    150.054
1204.96    86.774
1099.68    192.662
1084    210.63
1226.24    68.926
1131.04    164.734
1144.48    151.83
1271.04    26.414
1164.64    133.422
1123.2    179.584
1185.92    116.875
1151.2    153.1
1175.84    129.604
1157.92    148.307
1236.32    74.352
1078.4    234.691
1217.28    97.409
1137.76    180.064
1182.56    138.696
1184.8    139.888
1133.28    196.14
1318.08    11.576
1274.4    57.552
1210.56    124.422
1168    167.14
1034.72    301.564
1308    29.915
1294.56    52.32
1220.64    128.385
1252    98.438
1240.8    110.782
1109.76    243.998
1336    18.696
1320.32    35.52
1174.72    181.326
1291.2    65.784
1332.64    25.488
1209.44    148.894
1085.12    274.665
1165.76    194.862
1057.12    305.072
1153.44    209.47
1244.16    120.32
1228.48    138.288
1297.92    69.992
1206.08    162.55
1352.8    16.432
1324.8    47.806
1201.6    172.907
1163.52    211.374
1178.08    198.422
1108.64    269.006
1154.56    223.379
1315.84    62.95
1179.2    200.734
1371.84    10.06
1357.28    25.764
1273.28    110.908
1069.44    315.52
1346.08    39.252
1176.96    211.432
1134.4    254.36
1377.44    12.464
1156.8    237.312
1355.04    40.057
1146.72    249.68
1171.36    226.184
1230.72    167.593
1254.24    144.448
1267.68    131.777
1304.64    95.961
1255.36    145.772
1181.44    220.305
1306.88    96.009
1247.52    156.513
1190.4    214.777
1212.8    193.64
1161.28    245.572
1374.08    38.408
1110.88    301.692
1367.36    46.272
1232.96    181.934
1200.48    214.537
1403.2    12.838
1227.36    190.66
1259.84    158.609
1245.28    173.884
1263.2    157.108
1194.88    227.528
1150.08    274.284
1272.16    153.153
1414.4    12.544
1198.24    230.963
1412.16    18.187
1415.52    15.971
1264.32    168.315
1211.68    221.798
1364    69.779
1337.12    98.926
1016.8    420.11
1394.24    43.187
1330.4    109.838
1281.12    160.38
1148.96    292.683
1246.4    197.531
1202.72    245.787
1338.24    111.059
1278.88    171.563
1399.84    51.747
1282.24    169.699
1260.96    191.771
1372.96    80.915
1173.6    281.419
1427.84    28.323
1446.88    10.545
1219.52    238.296
1331.52    127.411
1047.04    414.208
1333.76    131.036
1454.72    12.15
1028    438.968
1425.6    42.824
1276.64    192.616
1290.08    179.488
1451.36    19.352
1302.4    169.3
1253.12    218.736
1437.92    35.08
1432.32    41.824
1266.56    208.572
1312.48    162.926
1434.56    43.212
1238.56    243.436
1256.48    229.198
1115.36    371.369
1421.12    65.707
1398.72    90.936
1378.56    113.784
1467.04    26.448
1305.76    187.833
1384.16    110.59
1470.4    25.494
1199.36    297.665
1347.2    149.838
1413.28    84.902
1463.68    35.646
1300.16    199.31
1143.36    359.542
1468.16    37.294
1286.72    224.19
1321.44    189.63
1505.12    9.432
1221.76    293.883
1275.52    240.176
1385.28    131.56
1293.44    224.491
1358.4    159.584
1265.44    253.635
1257.6    262.356
1440.16    83.443
1343.84    180.955
1356.16    168.705
1435.68    90.432
1249.76    277.48
1450.24    77.016
1491.68    37.774
1042.56    486.968
1460.32    70.278
1417.76    115.126
1472.64    61.39
1348.32    185.784
1351.68    187
1365.12    174.723
1303.52    239.892
1423.36    121.059
1283.36    262.203
1353.92    191.78
1196    350.844
1529.76    17.667
1464.8    84.148
1405.44    144.652
1197.12    354.3
1100.8    452.908
1408.8    146.316
1322.56    233.436
1388.64    167.62
1314.72    242.42
1459.2    98.358
1542.08    16.622
1301.28    260.593
1479.36    83.576
1524.16    39.92
1310.24    255.139
1258.72    307.729
1422.24    144.323
1527.52    40.187
1323.68    245.057
1520.8    48.051
1497.28    72.715
1523.04    48.099
1490.56    81.723
1340.48    232.833
1519.68    54.932
1284.48    292.422
1453.6    124.598
1376.32    202.87
1544.32    36.166
1216.16    365.318
1478.24    103.508
1288.96    293.742
1543.2    39.851
1566.72    17.739
1268.8    317.254
1508.48    79.091
1383.04    207.59
1462.56    128.587
1498.4    93.891
1248.64    344.435
1361.76    232.7
1344.96    250.403
1368.48    228.027
1486.08    110.864
1512.96    85.128
1439.04    160.192
1172.48    428.603
1536.48    66.396
1389.76    213.611
1404.32    199.7
1339.36    265.804
1538.72    67.707
1277.76    333.776
1602.56    12.756
1558.88    57.58
1334.88    282.376
1387.52    230.084
1514.08    104.668
1510.72    109.172
1521.92    99.116
1560    62.18
1406.56    216.572
1402.08    221.244
1493.92    130.548
1431.2    194.531
1407.68    218.884
1409.92    216.955
1327.04    301.812
1241.92    388.076
1496.16    135.92
1193.76    438.524
1379.68    256.036
1350.56    288.745
1311.36    331.377
1469.28    175.224
1397.6    247.425
1590.24    56.904
1593.6    54.688
1622.72    26.712
1393.12    256.481
1564.48    86.096
1619.36    32.36
1592.48    60.384
1416.64    236.55
1563.36    90.648
1635.04    20.112
1296.8    359.822
1617.12    39.651
1616    42.222
1325.92    332.99
1525.28    134.086
1518.56    141.95
1428.96    232.238
1630.56    31.094
1516.32    146.478
1369.6    293.886
1381.92    286.142
1313.6    356.907
1613.76    58.537
1663.04    10.401
1599.2    75.632
1395.36    279.723
1392    283.976
1481.6    197.568
1441.28    238.379
1658.56    22.675
1648.48    36.187
1661.92    23.891
1660.8    26.864
1528.64    160.881
1215.04    475.072
1341.6    350.8
1234.08    461.752
1577.92    118.835
1677.6    21.576
1400.96    298.46
1588    112.32
1692.16    10.052
1668.64    36.374
1443.52    265.052
1672    37.321
1191.52    518.196
1693.28    17.185
1366.24    345.984
1688.8    25.203
1287.84    428.897
1262.08    458.089
1702.24    21.576
1626.08    99.443
1686.56    40.238
1586.88    141.062
1203.84    524.494
1666.4    69.131
1449.12    287.222
1418.88    319.75
1551.04    191.224
1386.4    359.251
1430.08    317.859
1698.88    51.075
1610.4    140.699
1342.72    409.795
1565.6    188.216
1495.04    258.776
1608.16    146.918
1476    280.104
1535.36    220.862
1609.28    148.086
1730.24    30.6
1561.12    205.374
1670.88    96.758
1549.92    220.632
1492.8    278.332
1375.2    400.508
1579.04    200.11
1360.64    418.657
1684.32    97.936
1465.92    319.097
1729.12    58.969
1735.84    53.393
1548.8    241.577
1504    286.737
1773.92    17.601
1659.68    132.985
1695.52    100.899
1502.88    293.734
1722.4    75.648
1780.64    19.832
1532    270.334
1739.2    69.256
1474.88    334.475
1784    25.6
1736.96    73.784
1707.84    104.048
1649.6    163.432
1534.24    279.936
1370.72    444.355
1734.72    80.718
1636.16    180.422
1480.48    336.883
1547.68    270.046
1576.8    242.07
1461.44    358.368
1640.64    179.374
1390.88    430.072
1627.2    195.51
1506.24    317
1748.16    75.694
1766.08    58.918
1380.8    448.16
1484.96    348.576
1411.04    426.084
1816.48    21.576
1500.64    337.628
1329.28    511.276
1732.48    116.308
1499.52    350.345
1708.96    141.576
1835.52    17.288
1815.36    38.592
1834.4    20.696
1442.4    413.185
1575.68    280.678
1556.64    300.089
1845.6    11.902
1546.56    313.601
1843.36    17.576
1717.92    144.16
1673.12    190.104
1507.36    356.233
1792.96    71.408
1776.16    89.47
1574.56    291.478
1831.04    35.734
1856.8    11.147
1362.88    505.446
1488.32    382.294
1769.44    103.726
1316.96    558.23
1581.28    295.054
1731.36    146.584
1761.6    117.488
1657.44    225.36
1509.6    373.755
1742.56    141.384
1458.08    428.707
1694.4    192.584
1573.44    315.635
1842.24    47.932
1796.32    94.996
1571.2    320.163
1799.68    92.78
1801.92    91.684
1557.76    337.035
1789.6    108.208
1797.44    102.656
1598.08    302.592
1477.12    428.128
1689.92    216
1853.44    53.624
1533.12    374.416
1860.16    48.048
1764.96    144.392
1601.44    308.384
1751.52    158.976
1836.64    75
1426.72    485.548
1818.72    94.064
1436.8    478.9
1567.84    349.004
1826.56    91.414
1738.08    181.038
1420    499.132
1823.2    98.512
1328.16    595.548
1874.72    50.156
1612.64    314.5
1487.2    444.673
1562.24    374.209
1913.92    22.768
1530.88    407.857
1884.8    56.456
1433.44    508.784
1758.24    184.16
1740.32    203.224
1424.48    519.977
1879.2    65.488
1396.48    549.121
1781.76    164.072
1847.84    99.254
1623.84    324.206
1903.84    49.036
1911.68    42.34
1919.52    35.644
1554.4    401.654
1483.84    476.947
1927.36    33.672
1846.72    116.272
1637.28    326.939
1929.6    36.864
1618.24    348.267
1537.6    432.339
1893.76    76.739
1621.6    350.627
1930.72    41.918
1682.08    294.888
1445.76    533.488
1899.36    80.152
1807.52    175.228
1651.84    331.984
1953.12    30.772
1888.16    96.995
1611.52    374.592
1958.72    27.579
1917.28    70.163
1570.08    418.32
1902.72    85.867
1851.2    138.531
1656.32    335.668
1852.32    141.624
1582.4    413.02
1922.88    76.785
1545.44    456.844
1817.6    184.992
1455.84    547.588
1885.92    118.96
1572.32    433.553
1511.84    496.321
1991.2    17.576
1881.44    130.284
1920.64    92.228
1872.48    141.532
1928.48    88.203
1747.04    270.958
1969.92    49.544
1676.48    343.278
1667.52    354.526
1980    48.153
1515.2    513.71
1841.12    188.177
1975.52    54.921
1482.72    548.478
1956.48    75.884
1555.52    479.267
2005.76    29.052
1862.4    173.556
1603.68    435.683
1984.48    57.342
1861.28    184.387
1890.4    156.411
1972.16    77.195
1540.96    508.856
1908.32    143.441
1700    352.104
1889.28    163.625
1993.44    60.609
1916.16    139.033
1952    104.456
1892.64    164.96
1704.48    353.344
1517.44    543.972
1452.48    611.22
1631.68    434.308
1665.28    401.852
1897.12    173.484
1664.16    407.548
1869.12    202.628
2036    36.892
1711.2    361.732
1926.24    147.796
2062.88    12.3
1687.68    391.049
1939.68    139.659
1680.96    400.057
2009.12    73.808
1580.16    503.145
2059.52    24.742
1720.16    366.577
1963.2    125.372
1489.44    600.729
1647.36    445.097
2021.44    71.134
1585.76    507.841
1940.8    152.918
1628.32    466.582
2072.96    22.02
1724.64    372.55
1723.52    374.814
2055.04    43.587
1641.76    458.862
1968.8    132.115
2024.8    77.259
1669.76    433.15
2064    39.203
2042.72    61.627
1721.28    383.918
1982.24    123.251
1912.8    195.11
2085.28    24.236
1810.88    300.924
1703.36    408.702
1894.88    218.068
1471.52    641.843
1971.04    146.484
1655.2    462.739
1814.24    305.704
2010.24    110.848
2104.32    17.912
1813.12    310.256
1712.32    412.483
1995.68    129.984
1675.36    450.587
1918.4    208.408
2105.44    22.512
1863.52    265.576
2086.4    43.84
1697.76    432.92
1604.8    527.024
1950.88    181.761
2044.96    88.825
1526.4    607.712
2075.2    59.729
1946.4    189.792
2111.04    26.296
1629.44    508.104
1473.76    666.072
1568.96    572.016
1866.88    275.313
1716.8    426.464
2056.16    87.55
2107.68    37.292
1594.72    550.832
2117.76    28.356
1632.8    516.34
2013.6    135.907
1644    507.428
1589.12    564.596
1691.04    464.964
1584.64    573.652
2000.16    161.246
1639.52    522.204
2048.32    114.23
2029.28    135.595
2001.28    164.739
1607.04    560.561
1683.2    485.545
2109.92    61.088
2032.64    139.739
1725.76    447.561
1753.76    422.993
1713.44    464.457
1772.8    407.385
1994.56    187.142
1756    431.206
1552.16    637.334
2015.84    174.396
1595.84    595.942
1898.24    293.936
2089.76    103.56
1728    466.07
1710.08    485.134
2058.4    138.763
1741.44    456.062
2097.6    100.707
2049.44    151.697
1782.88    420.499
2115.52    92.974
1768.32    443.224
1620.48    593.352
2081.92    133.278
1771.68    444.44
1987.84    231.264
1788.48    431.072
1785.12    441.452
1808.64    422.508
2108.8    123.164
2083.04    150.068
2016.96    220.936
1745.92    492.092
1701.12    542.769
1726.88    521.585
1795.2    455.553
2050.56    202.118
1674.24    578.801
1679.84    575.646
2102.08    155.32
1638.4    619.374
1743.68    515.238
1706.72    553.342
1744.8    520.982
1705.6    564.758
1591.36    682.587
1715.68    560.555
1812    466.523
1777.28    503.531
1828.8    454.299
1787.36    496.883
1779.52    508.155
1750.4    539.563
1596.96    694.147
1844.48    449.072
1805.28    490.56
1822.08    476.048
1850.08    451.48
1840    462.784
1825.44    481.84
2078.56    231.992
1833.28    478.732
1838.88    495.182
1786.24    557.131
2053.92    290.625
1767.2    578.459
1859.04    487.763
1857.92    491.171
1762.72    592.091
2065.12    294.304
1876.96    484.872
2100.96    261.361
1650.72    712.336
2070.72    294.704
1901.6    468.24
1909.44    468.564
1910.56    469.732
1915.04    471.129
1806.4    587.777
1848.96    548.649
1733.6    666.297
1882.56    518.638
1865.76    537.726
1873.6    532.174
1887.04    523.31
1804.16    608.478
1932.96    481.966
1891.52    525.694
1837.76    584.187
1925.12    500.259
1871.36    561.04
1945.28    489.408
1855.68    580.152
1875.84    566.856
1924    524.572
1906.08    544.78
1957.6    494.404
1864.64    589.652
1960.96    497.908
1931.84    530.46
1759.36    706.529
1760.48    707.697
1809.76    664.137
1775.04    701.145
1977.76    505.446
1992.32    505.915
1949.76    553.208
1878.08    628.32
1714.56    792.984
1981.12    529.856
1973.28    539.984
1790.72    725.976
2002.4    515.44
1868    653.428
2004.64    519.076
2008    518.004
1937.44    589.708
2020.32    520.713
2022.56    521.905
2023.68    524.374
2028.16    525.614
1966.56    590.646
1770.56    788.934
1800.8    759.838
1997.92    565.006
1778.4    792.691
1954.24    619.139
1990.08    584.443
2039.36    549.048
1883.68    708.316
2061.76    539.388
2011.36    594.521
1824.32    782.705
2067.36    541.953
2003.52    608.081
1983.36    630.529
2071.84    546.625
1921.76    699.15
2088.64    547.299
2090.88    549.635
1985.6    660.792
1854.56    792.976
2079.68    571.288
2066.24    589.304
2114.4    555.028
2113.28    557.292
2069.6    603.417
1965.44    708.721
2094.24    583.353
2116.64    562.097
1904.96    776.065
1988.96    693.289
2019.2    673.422
2034.88    665.75
2103.2    620.78
2038.24    689.172
1938.56    792.284
1947.52    786.756
1959.84    777.868
2018.08    722.073
2099.84    641.457
1967.68    775.905
2060.64    685.233
2080.8    666.217
1986.72    766.017
2084.16    674.454
1941.92    818.982
2096.48    670.142
2112.16    657.894
2037.12    735.379
2106.56    667.083
2014.72    761.211
2041.6    736.619
2098.72    682.931
2012.48    779.624
2076.32    717.008
2040.48    755.056
2006.88    800.252
2077.44    740.145
2047.2    827.225
2051.68    834.342
2057.28    833.475
2074.08    818.963
2068.48    839.592
2093.12    839.289
