0    12.008
2.24    13.2
4.48    14.392
6.72    15.584
8.96    16.776
11.2    17.968
13.44    19.16
15.68    20.352
17.92    21.544
20.16    22.736
22.4    23.928
24.64    25.12
26.88    26.312
29.12    27.504
31.36    28.696
33.6    29.888
35.84    31.08
38.08    32.272
40.32    33.464
42.56    34.656
44.8    35.848
47.04    37.04
49.28    38.232
51.52    39.424
53.76    40.616
56    41.808
58.24    43
60.48    44.192
62.72    45.384
64.96    46.576
67.2    47.768
69.44    48.96
71.68    50.152
73.92    51.344
76.16    52.536
78.4    53.728
80.64    54.92
82.88    56.112
85.12    57.304
87.36    58.496
89.6    59.688
91.84    60.88
94.08    62.072
96.32    63.264
98.56    64.456
100.8    65.648
103.04    66.84
105.28    68.032
107.52    69.224
109.76    70.416
112    71.608
114.24    72.8
116.48    73.992
118.72    75.184
120.96    76.376
123.2    77.568
125.44    78.76
127.68    79.952
129.92    81.144
132.16    82.336
134.4    83.528
136.64    84.72
138.88    85.912
141.12    87.104
143.36    88.296
145.6    89.488
147.84    90.68
150.08    91.872
152.32    93.064
154.56    94.256
156.8    95.448
159.04    96.64
161.28    97.832
163.52    99.024
165.76    100.216
168    101.408
170.24    102.6
172.48    103.792
174.72    104.984
176.96    106.176
179.2    107.368
181.44    108.56
183.68    109.752
185.92    110.944
188.16    112.136
190.4    113.328
192.64    114.52
194.88    115.712
197.12    116.904
199.36    118.096
201.6    119.288
203.84    120.48
206.08    121.672
208.32    122.864
210.56    124.056
212.8    125.248
215.04    126.44
217.28    126.488
219.52    126.536
221.76    126.584
224    126.632
226.24    126.68
228.48    126.728
230.72    126.776
232.96    126.824
235.2    126.872
237.44    126.92
239.68    126.968
241.92    127.016
244.16    127.064
246.4    127.112
248.64    127.16
250.88    127.208
253.12    127.256
255.36    127.304
257.6    128.496
259.84    127.4
262.08    127.448
264.32    127.496
266.56    127.544
268.8    127.592
271.04    127.64
273.28    127.688
275.52    127.736
277.76    127.784
280    127.832
282.24    127.88
284.48    127.928
286.72    127.976
288.96    128.024
291.2    128.072
293.44    128.12
295.68    128.168
297.92    128.216
300.16    128.264
302.4    128.312
304.64    129.504
306.88    128.408
309.12    128.456
311.36    128.504
313.6    128.552
315.84    128.6
318.08    128.648
320.32    128.696
322.56    128.744
324.8    128.792
327.04    128.84
329.28    128.888
331.52    128.936
333.76    128.984
336    129.032
338.24    129.08
340.48    129.128
342.72    129.176
344.96    129.224
347.2    129.272
349.44    129.32
351.68    130.512
353.92    129.416
356.16    129.464
358.4    129.512
360.64    129.56
362.88    129.608
365.12    129.656
367.36    129.704
369.6    129.752
371.84    129.8
374.08    129.848
376.32    129.896
378.56    129.944
380.8    129.992
383.04    130.04
385.28    130.088
387.52    130.136
389.76    130.184
392    130.232
394.24    130.28
396.48    130.328
398.72    131.52
400.96    130.424
403.2    130.472
405.44    130.52
407.68    130.568
409.92    130.616
412.16    130.664
414.4    130.712
416.64    130.76
418.88    130.808
421.12    130.856
423.36    130.904
425.6    130.952
427.84    131
430.08    131.048
432.32    131.096
434.56    131.144
436.8    131.192
439.04    131.24
441.28    131.288
443.52    131.336
445.76    132.528
448    131.432
450.24    131.48
452.48    131.528
454.72    131.576
456.96    131.624
459.2    131.672
461.44    131.72
463.68    131.768
465.92    131.816
468.16    131.864
470.4    131.912
472.64    131.96
474.88    132.008
477.12    132.056
479.36    132.104
481.6    132.152
483.84    132.2
486.08    132.248
488.32    132.296
490.56    132.344
492.8    133.536
495.04    132.44
497.28    132.488
499.52    132.536
501.76    132.584
504    132.632
506.24    132.68
508.48    132.728
510.72    132.776
512.96    132.824
515.2    132.872
517.44    132.92
521.92    130.728
524.16    130.776
526.4    130.824
528.64    130.872
530.88    130.92
533.12    130.968
535.36    131.016
537.6    131.064
539.84    132.256
542.08    131.16
544.32    131.208
546.56    131.256
548.8    131.304
551.04    131.352
553.28    131.4
555.52    131.448
557.76    131.496
560    131.544
562.24    131.592
564.48    131.64
566.72    131.688
568.96    131.736
571.2    131.784
573.44    131.832
575.68    131.88
577.92    131.928
580.16    131.976
582.4    132.024
584.64    132.072
586.88    133.264
589.12    132.168
591.36    132.216
593.6    132.264
595.84    132.312
598.08    132.36
600.32    132.408
602.56    132.456
604.8    132.504
607.04    132.552
609.28    132.6
611.52    132.648
613.76    132.696
616    132.744
618.24    132.792
620.48    132.84
622.72    132.888
624.96    132.936
629.44    130.744
631.68    130.792
633.92    130.84
636.16    132.032
638.4    130.936
640.64    130.984
642.88    131.032
645.12    131.08
647.36    131.128
649.6    131.176
651.84    131.224
654.08    131.272
656.32    131.32
658.56    131.368
660.8    131.416
663.04    131.464
665.28    131.512
667.52    131.56
669.76    131.608
672    131.656
674.24    131.704
676.48    131.752
678.72    131.8
680.96    131.848
683.2    133.04
685.44    131.944
687.68    131.992
689.92    132.04
692.16    132.088
694.4    132.136
696.64    132.184
698.88    132.232
701.12    132.28
703.36    132.328
705.6    132.376
707.84    132.424
710.08    132.472
712.32    132.52
714.56    132.568
716.8    132.616
719.04    132.664
721.28    132.712
723.52    132.76
725.76    132.808
728    132.856
730.24    134.048
734.72    130.712
736.96    130.76
739.2    130.808
741.44    130.856
743.68    130.904
745.92    130.952
748.16    131
750.4    131.048
752.64    131.096
754.88    131.144
757.12    131.192
759.36    131.24
761.6    131.288
763.84    131.336
766.08    131.384
768.32    131.432
770.56    131.48
772.8    131.528
775.04    131.576
777.28    131.624
779.52    132.816
781.76    131.72
784    131.768
786.24    131.816
788.48    131.864
790.72    131.912
792.96    131.96
795.2    132.008
797.44    132.056
799.68    132.104
801.92    132.152
804.16    132.2
806.4    132.248
808.64    132.296
810.88    132.344
813.12    132.392
815.36    132.44
817.6    132.488
819.84    132.536
822.08    132.584
824.32    133.776
826.56    132.68
828.8    132.728
831.04    132.776
833.28    132.824
835.52    132.872
837.76    132.92
842.24    130.728
844.48    130.776
846.72    130.824
848.96    130.872
851.2    130.92
853.44    130.968
855.68    131.016
857.92    131.064
860.16    131.112
862.4    131.16
864.64    131.208
866.88    131.256
869.12    131.304
871.36    131.352
873.6    132.544
875.84    131.448
878.08    131.496
880.32    131.544
882.56    131.592
884.8    131.64
887.04    131.688
889.28    131.736
891.52    131.784
893.76    131.832
896    131.88
898.24    131.928
900.48    131.976
902.72    132.024
904.96    132.072
907.2    132.12
909.44    132.168
911.68    132.216
913.92    132.264
916.16    132.312
918.4    132.36
920.64    133.552
922.88    132.456
925.12    132.504
927.36    132.552
929.6    132.6
931.84    132.648
934.08    132.696
936.32    132.744
938.56    132.792
940.8    132.84
943.04    132.888
945.28    132.936
949.76    130.744
952    130.792
954.24    130.84
956.48    130.888
958.72    130.936
960.96    130.984
963.2    131.032
965.44    131.08
967.68    131.128
969.92    132.32
972.16    131.224
974.4    131.272
976.64    131.32
978.88    131.368
981.12    131.416
983.36    131.464
985.6    131.512
987.84    131.56
990.08    131.608
992.32    131.656
994.56    131.704
996.8    131.752
999.04    131.8
1001.28    131.848
1003.52    131.896
1005.76    131.944
1008    131.992
1010.24    132.04
1012.48    132.088
1014.72    132.136
1016.96    133.328
1019.2    132.232
1021.44    132.28
1023.68    132.328
1025.92    132.376
1028.16    132.424
1030.4    132.472
1032.64    132.52
1034.88    132.568
1037.12    132.616
1039.36    132.664
1041.6    132.712
1043.84    132.76
1046.08    132.808
1048.32    132.856
1050.56    132.904
1055.04    130.712
1057.28    130.76
1059.52    130.808
1061.76    130.856
1064    130.904
1066.24    132.096
1068.48    131
1070.72    131.048
1072.96    131.096
1075.2    131.144
1077.44    131.192
1079.68    131.24
1081.92    131.288
1084.16    131.336
1086.4    131.384
1088.64    131.432
1090.88    131.48
1093.12    131.528
1095.36    131.576
1097.6    131.624
1099.84    131.672
1102.08    131.72
1104.32    131.768
1106.56    131.816
1108.8    131.864
1111.04    133.056
1113.28    131.96
1115.52    132.008
1117.76    132.056
1120    132.104
1122.24    132.152
1124.48    132.2
1126.72    132.248
1128.96    132.296
1131.2    132.344
1133.44    132.392
1135.68    132.44
1137.92    132.488
1140.16    132.536
1142.4    132.584
1144.64    132.632
1146.88    132.68
1149.12    132.728
1151.36    132.776
1153.6    132.824
1155.84    132.872
1158.08    134.064
1162.56    130.728
1164.8    130.776
1167.04    130.824
1169.28    130.872
1171.52    130.92
1173.76    130.968
1176    131.016
1178.24    131.064
1180.48    131.112
1182.72    131.16
1184.96    131.208
1187.2    131.256
1189.44    131.304
1191.68    131.352
1193.92    131.4
1196.16    131.448
1198.4    131.496
1200.64    131.544
1202.88    131.592
1205.12    131.64
1207.36    132.832
1209.6    131.736
1211.84    131.784
1214.08    131.832
1216.32    131.88
1218.56    131.928
1220.8    131.976
1223.04    132.024
1225.28    132.072
1227.52    132.12
1229.76    132.168
1232    132.216
1234.24    132.264
1236.48    132.312
1238.72    132.36
1240.96    132.408
1243.2    132.456
1245.44    132.504
1247.68    132.552
1249.92    132.6
1252.16    132.648
1254.4    133.84
1256.64    132.744
1258.88    132.792
1261.12    132.84
1263.36    132.888
1265.6    132.936
1270.08    130.744
1272.32    130.792
1274.56    130.84
1276.8    130.888
1279.04    130.936
1281.28    130.984
1283.52    131.032
1285.76    131.08
1288    131.128
1290.24    131.176
1292.48    131.224
1294.72    131.272
1296.96    131.32
1299.2    131.368
1301.44    131.416
1303.68    132.608
1305.92    131.512
1308.16    131.56
1310.4    131.608
1312.64    131.656
1314.88    131.704
1317.12    131.752
1319.36    131.8
1321.6    131.848
1323.84    131.896
1326.08    131.944
1328.32    131.992
1330.56    132.04
1332.8    132.088
1335.04    132.136
1337.28    132.184
1339.52    132.232
1341.76    132.28
1344    132.328
1346.24    132.376
1348.48    132.424
1350.72    133.616
1352.96    132.52
1355.2    132.568
1357.44    132.616
1359.68    132.664
1361.92    132.712
1364.16    132.76
1366.4    132.808
1368.64    132.856
1370.88    132.904
1375.36    130.712
1377.6    130.76
1379.84    130.808
1382.08    130.856
1384.32    130.904
1386.56    130.952
1388.8    131
1391.04    131.048
1393.28    131.096
1395.52    131.144
1397.76    132.336
1400    131.24
1402.24    131.288
1404.48    131.336
1406.72    131.384
1408.96    131.432
1411.2    131.48
1413.44    131.528
1415.68    131.576
1417.92    131.624
1420.16    131.672
1422.4    131.72
1424.64    131.768
1426.88    131.816
1429.12    131.864
1431.36    131.912
1433.6    131.96
1435.84    132.008
1438.08    132.056
1440.32    132.104
1442.56    132.152
1444.8    133.344
1447.04    132.248
1449.28    132.296
1451.52    132.344
1453.76    132.392
1456    132.44
1458.24    132.488
1460.48    132.536
1462.72    132.584
1464.96    132.632
1467.2    132.68
1469.44    132.728
1471.68    132.776
1473.92    132.824
1476.16    132.872
1478.4    132.92
1482.88    130.728
1485.12    130.776
1487.36    130.824
1489.6    130.872
1491.84    130.92
1494.08    132.112
1496.32    131.016
1498.56    131.064
1500.8    131.112
1503.04    131.16
1505.28    131.208
1507.52    131.256
1509.76    131.304
1512    131.352
1514.24    131.4
1516.48    131.448
1518.72    131.496
1520.96    131.544
1523.2    131.592
1525.44    131.64
1527.68    131.688
1529.92    131.736
1532.16    131.784
1534.4    131.832
1536.64    131.88
1538.88    131.928
1541.12    133.12
1543.36    132.024
1545.6    132.072
1547.84    132.12
1550.08    132.168
1552.32    132.216
1554.56    132.264
1556.8    132.312
1559.04    132.36
1561.28    132.408
1563.52    132.456
1565.76    132.504
1568    132.552
1570.24    132.6
1572.48    132.648
1574.72    132.696
1576.96    132.744
1579.2    132.792
1581.44    132.84
1583.68    132.888
1585.92    132.936
1590.4    131.888
1592.64    130.792
1594.88    130.84
1597.12    130.888
1599.36    130.936
1601.6    130.984
1603.84    131.032
1606.08    131.08
1608.32    131.128
1610.56    131.176
1612.8    131.224
1615.04    131.272
1617.28    131.32
1619.52    131.368
1621.76    131.416
1624    131.464
1626.24    131.512
1628.48    131.56
1630.72    131.608
1632.96    131.656
1635.2    131.704
1637.44    132.896
1639.68    131.8
1641.92    131.848
1644.16    131.896
1646.4    131.944
1648.64    131.992
1650.88    132.04
1653.12    132.088
1655.36    132.136
1657.6    132.184
1659.84    132.232
1662.08    132.28
1664.32    132.328
1666.56    132.376
1668.8    132.424
1671.04    132.472
1673.28    132.52
1675.52    132.568
1677.76    132.616
1680    132.664
1682.24    133.856
1684.48    132.76
1686.72    132.808
1688.96    132.856
1691.2    132.904
1695.68    130.712
1697.92    130.76
1700.16    130.808
1702.4    130.856
1704.64    130.904
1706.88    130.952
1709.12    131
1711.36    131.048
1713.6    131.096
1715.84    131.144
1718.08    131.192
1720.32    131.24
1722.56    131.288
1724.8    131.336
1727.04    131.384
1729.28    131.432
1731.52    132.624
1733.76    131.528
1736    131.576
1738.24    131.624
1740.48    131.672
1742.72    131.72
1744.96    131.768
1747.2    131.816
1749.44    131.864
1751.68    131.912
1753.92    131.96
1756.16    132.008
1758.4    132.056
1760.64    132.104
1762.88    132.152
1765.12    132.2
1767.36    132.248
1769.6    132.296
1771.84    132.344
1774.08    132.392
1776.32    132.44
1778.56    133.632
1780.8    132.536
1783.04    132.584
1785.28    132.632
1787.52    132.68
1789.76    132.728
1792    132.776
1794.24    132.824
1796.48    132.872
1798.72    132.92
1803.2    130.728
1805.44    130.776
1807.68    130.824
1809.92    130.872
1812.16    130.92
1814.4    130.968
1816.64    131.016
1818.88    131.064
1821.12    131.112
1823.36    131.16
1825.6    131.208
1827.84    132.4
1830.08    131.304
1832.32    131.352
1834.56    131.4
1836.8    131.448
1839.04    131.496
1841.28    131.544
1843.52    131.592
1845.76    131.64
1848    131.688
1850.24    131.736
1852.48    131.784
1854.72    131.832
1856.96    131.88
1859.2    131.928
1861.44    131.976
1863.68    132.024
1865.92    132.072
1868.16    132.12
1870.4    132.168
1872.64    132.216
1874.88    133.408
1877.12    132.312
1879.36    132.36
1881.6    132.408
1883.84    132.456
1886.08    132.504
1888.32    132.552
1890.56    132.6
1892.8    132.648
1895.04    132.696
1897.28    132.744
1899.52    132.792
1901.76    132.84
1904    132.888
1906.24    132.936
1910.72    130.744
1912.96    130.792
1915.2    130.84
1917.44    130.888
1919.68    130.936
1921.92    130.984
1924.16    132.176
1926.4    131.08
1928.64    131.128
1930.88    131.176
1933.12    131.224
1935.36    131.272
1937.6    131.32
1939.84    131.368
1942.08    131.416
1944.32    131.464
1946.56    131.512
1948.8    131.56
1951.04    131.608
1953.28    131.656
1955.52    131.704
1957.76    131.752
1960    131.8
1962.24    131.848
1964.48    131.896
1966.72    131.944
1968.96    133.136
1971.2    132.04
1973.44    132.088
1975.68    132.136
1977.92    132.184
1980.16    132.232
1982.4    132.28
1984.64    132.328
1986.88    132.376
1989.12    132.424
1991.36    132.472
1993.6    132.52
1995.84    132.568
1998.08    132.616
2000.32    132.664
2002.56    132.712
2004.8    132.76
2007.04    132.808
2009.28    132.856
2011.52    132.904
2016    130.712
2018.24    131.904
2020.48    130.808
2022.72    130.856
2024.96    130.904
2027.2    130.952
2029.44    131
2031.68    131.048
2033.92    131.096
2036.16    131.144
2038.4    131.192
2040.64    131.24
2042.88    131.288
2045.12    131.336
2047.36    131.384
2049.6    131.432
2051.84    131.48
2054.08    131.528
2056.32    131.576
2058.56    131.624
2060.8    131.672
2063.04    131.72
2065.28    132.912
2067.52    131.816
2069.76    131.864
2072    131.912
2074.24    131.96
2076.48    132.008
2078.72    132.056
2080.96    132.104
2083.2    132.152
2085.44    132.2
2087.68    132.248
2089.92    132.296
2092.16    132.344
2094.4    132.392
2096.64    132.44
2098.88    132.488
2101.12    132.536
2103.36    132.584
2105.6    132.632
2107.84    132.68
2110.08    132.728
2112.32    133.92
2114.56    132.824
2116.8    132.872
2119.04    132.92
2123.52    130.728
2125.76    130.776
2128    130.824
2130.24    130.872
2132.48    130.92
2134.72    130.968
2136.96    131.016
2139.2    131.064
2141.44    131.112
2143.68    131.16
2145.92    131.208
2148.16    131.256
2150.4    131.304
2152.64    131.352
2154.88    131.4
2157.12    131.448
2159.36    131.496
2161.6    132.688
2163.84    131.592
2166.08    131.64
2168.32    131.688
2170.56    131.736
2172.8    131.784
2175.04    131.832
2177.28    131.88
2179.52    131.928
2181.76    131.976
2184    132.024
2186.24    132.072
2188.48    132.12
2190.72    132.168
2192.96    132.216
2195.2    132.264
2197.44    132.312
2199.68    132.36
2201.92    132.408
2204.16    132.456
2206.4    132.504
2208.64    133.696
2210.88    132.6
2213.12    132.648
2215.36    132.696
2217.6    132.744
2219.84    132.792
2222.08    132.84
2224.32    132.888
2226.56    132.936
2231.04    130.744
2233.28    130.792
2235.52    130.84
2237.76    130.888
