0    33.728
2.24    34.92
4.48    36.112
6.72    37.304
8.96    38.496
11.2    39.688
13.44    40.88
15.68    42.072
17.92    43.264
20.16    44.456
22.4    45.648
24.64    46.84
26.88    48.032
29.12    49.224
31.36    50.416
33.6    51.608
35.84    52.8
38.08    53.992
40.32    55.184
42.56    56.376
44.8    57.568
47.04    58.76
49.28    59.952
51.52    61.144
53.76    62.336
56    63.528
58.24    64.72
60.48    65.912
62.72    67.104
64.96    68.296
67.2    69.488
69.44    70.68
71.68    71.872
73.92    73.064
76.16    74.256
78.4    75.448
80.64    76.64
82.88    77.832
85.12    79.024
87.36    80.216
89.6    81.408
91.84    82.6
94.08    83.792
96.32    84.984
98.56    86.176
100.8    87.368
103.04    88.56
105.28    89.752
107.52    90.944
109.76    92.136
112    93.328
114.24    94.52
116.48    95.712
118.72    96.904
120.96    98.096
123.2    99.288
125.44    100.48
127.68    101.672
129.92    102.864
132.16    104.056
134.4    105.248
136.64    106.44
138.88    107.632
141.12    108.824
143.36    110.016
145.6    111.208
147.84    112.4
150.08    113.592
152.32    114.784
154.56    115.976
156.8    117.168
159.04    118.36
161.28    119.552
163.52    120.744
165.76    121.936
168    123.128
170.24    124.32
172.48    125.512
174.72    126.704
176.96    127.896
179.2    129.088
181.44    130.28
183.68    131.472
185.92    132.664
188.16    133.856
190.4    135.048
192.64    136.24
194.88    137.432
197.12    138.624
199.36    139.816
201.6    141.008
203.84    142.2
206.08    143.392
208.32    144.584
210.56    145.776
212.8    146.968
215.04    148.16
217.28    148.208
219.52    148.256
221.76    148.304
224    148.352
226.24    148.4
228.48    148.448
230.72    148.496
232.96    148.544
235.2    148.592
237.44    148.64
239.68    148.688
241.92    148.736
244.16    148.784
246.4    148.832
248.64    148.88
250.88    148.928
253.12    148.976
255.36    149.024
257.6    150.216
259.84    149.12
262.08    149.168
264.32    149.216
266.56    149.264
268.8    149.312
271.04    149.36
273.28    149.408
275.52    149.456
277.76    149.504
280    149.552
282.24    149.6
284.48    149.648
286.72    149.696
288.96    149.744
291.2    149.792
293.44    149.84
295.68    149.888
297.92    149.936
300.16    149.984
302.4    150.032
304.64    151.224
306.88    150.128
309.12    150.176
311.36    150.224
313.6    150.272
315.84    150.32
318.08    150.368
320.32    150.416
322.56    150.464
324.8    150.512
327.04    150.56
329.28    150.608
331.52    150.656
333.76    150.704
336    150.752
338.24    150.8
340.48    150.848
342.72    150.896
344.96    150.944
347.2    150.992
349.44    151.04
351.68    152.232
353.92    151.136
356.16    151.184
358.4    151.232
360.64    151.28
362.88    151.328
365.12    151.376
367.36    151.424
369.6    151.472
371.84    151.52
374.08    151.568
376.32    151.616
378.56    151.664
380.8    151.712
383.04    151.76
385.28    151.808
387.52    151.856
389.76    151.904
392    151.952
394.24    152
396.48    152.048
398.72    153.24
400.96    152.144
403.2    152.192
405.44    152.24
407.68    152.288
409.92    152.336
412.16    152.384
414.4    152.432
416.64    152.48
418.88    152.528
421.12    152.576
423.36    152.624
425.6    152.672
427.84    152.72
430.08    152.768
432.32    152.816
434.56    152.864
436.8    152.912
439.04    152.96
441.28    153.008
443.52    153.056
445.76    154.248
448    153.152
450.24    153.2
452.48    153.248
454.72    153.296
456.96    153.344
459.2    153.392
461.44    153.44
463.68    153.488
465.92    153.536
468.16    153.584
470.4    153.632
472.64    153.68
474.88    153.728
477.12    153.776
479.36    153.824
481.6    153.872
483.84    153.92
486.08    153.968
488.32    154.016
490.56    154.064
495.04    153.016
497.28    151.92
499.52    151.968
501.76    152.016
504    152.064
506.24    152.112
508.48    152.16
510.72    152.208
512.96    152.256
515.2    152.304
517.44    152.352
519.68    152.4
521.92    152.448
524.16    152.496
526.4    152.544
528.64    152.592
530.88    152.64
533.12    152.688
535.36    152.736
537.6    152.784
539.84    153.976
542.08    152.88
544.32    152.928
546.56    152.976
548.8    153.024
551.04    153.072
553.28    153.12
555.52    153.168
557.76    153.216
560    153.264
562.24    153.312
564.48    153.36
566.72    153.408
568.96    153.456
571.2    153.504
573.44    153.552
575.68    153.6
577.92    153.648
580.16    153.696
582.4    153.744
584.64    153.792
586.88    154.984
589.12    153.888
591.36    153.936
593.6    153.984
595.84    154.032
598.08    154.08
602.56    151.888
604.8    151.936
607.04    151.984
609.28    152.032
611.52    152.08
613.76    152.128
616    152.176
618.24    152.224
620.48    152.272
622.72    152.32
624.96    152.368
627.2    152.416
629.44    152.464
631.68    152.512
633.92    152.56
636.16    153.752
638.4    152.656
640.64    152.704
642.88    152.752
645.12    152.8
647.36    152.848
649.6    152.896
651.84    152.944
654.08    152.992
656.32    153.04
658.56    153.088
660.8    153.136
663.04    153.184
665.28    153.232
667.52    153.28
669.76    153.328
672    153.376
674.24    153.424
676.48    153.472
678.72    153.52
680.96    153.568
683.2    154.76
685.44    153.664
687.68    153.712
689.92    153.76
692.16    153.808
694.4    153.856
696.64    153.904
698.88    153.952
701.12    154
703.36    154.048
707.84    151.856
710.08    151.904
712.32    151.952
714.56    152
716.8    152.048
719.04    152.096
721.28    152.144
723.52    152.192
725.76    152.24
728    152.288
730.24    152.336
732.48    153.528
734.72    152.432
736.96    152.48
739.2    152.528
741.44    152.576
743.68    152.624
745.92    152.672
748.16    152.72
750.4    152.768
752.64    152.816
754.88    152.864
757.12    152.912
759.36    152.96
761.6    153.008
763.84    153.056
766.08    153.104
768.32    153.152
770.56    153.2
772.8    153.248
775.04    153.296
777.28    153.344
779.52    154.536
781.76    153.44
784    153.488
786.24    153.536
788.48    153.584
790.72    153.632
792.96    153.68
795.2    153.728
797.44    153.776
799.68    153.824
801.92    153.872
804.16    153.92
806.4    153.968
808.64    154.016
810.88    154.064
815.36    151.872
817.6    151.92
819.84    151.968
822.08    152.016
824.32    152.064
826.56    153.256
828.8    152.16
831.04    152.208
833.28    152.256
835.52    152.304
837.76    152.352
840    152.4
842.24    152.448
844.48    152.496
846.72    152.544
848.96    152.592
851.2    152.64
853.44    152.688
855.68    152.736
857.92    152.784
860.16    152.832
862.4    152.88
864.64    152.928
866.88    152.976
869.12    153.024
871.36    153.072
873.6    154.264
875.84    153.168
878.08    153.216
880.32    153.264
882.56    153.312
884.8    153.36
887.04    153.408
889.28    153.456
891.52    153.504
893.76    153.552
896    153.6
898.24    153.648
900.48    153.696
902.72    153.744
904.96    153.792
907.2    153.84
909.44    153.888
911.68    153.936
913.92    153.984
916.16    154.032
918.4    154.08
922.88    153.032
925.12    151.936
927.36    151.984
929.6    152.032
931.84    152.08
934.08    152.128
936.32    152.176
938.56    152.224
940.8    152.272
943.04    152.32
945.28    152.368
947.52    152.416
949.76    152.464
952    152.512
954.24    152.56
956.48    152.608
958.72    152.656
960.96    152.704
963.2    152.752
965.44    152.8
967.68    152.848
969.92    154.04
972.16    152.944
974.4    152.992
976.64    153.04
978.88    153.088
981.12    153.136
983.36    153.184
985.6    153.232
987.84    153.28
990.08    153.328
992.32    153.376
994.56    153.424
996.8    153.472
999.04    153.52
1001.28    153.568
1003.52    153.616
1005.76    153.664
1008    153.712
1010.24    153.76
1012.48    153.808
1014.72    153.856
1016.96    155.048
1019.2    153.952
1021.44    154
1023.68    154.048
1028.16    151.856
1030.4    151.904
1032.64    151.952
1034.88    152
1037.12    152.048
1039.36    152.096
1041.6    152.144
1043.84    152.192
1046.08    152.24
1048.32    152.288
1050.56    152.336
1052.8    152.384
1055.04    152.432
1057.28    152.48
1059.52    152.528
1061.76    152.576
1064    152.624
1066.24    153.816
1068.48    152.72
1070.72    152.768
1072.96    152.816
1075.2    152.864
1077.44    152.912
1079.68    152.96
1081.92    153.008
1084.16    153.056
1086.4    153.104
1088.64    153.152
1090.88    153.2
1093.12    153.248
1095.36    153.296
1097.6    153.344
1099.84    153.392
1102.08    153.44
1104.32    153.488
1106.56    153.536
1108.8    153.584
1111.04    154.776
1113.28    153.68
1115.52    153.728
1117.76    153.776
1120    153.824
1122.24    153.872
1124.48    153.92
1126.72    153.968
1128.96    154.016
1131.2    154.064
1135.68    151.872
1137.92    151.92
1140.16    151.968
1142.4    152.016
1144.64    152.064
1146.88    152.112
1149.12    152.16
1151.36    152.208
1153.6    152.256
1155.84    152.304
1158.08    152.352
1160.32    153.544
1162.56    152.448
1164.8    152.496
1167.04    152.544
1169.28    152.592
1171.52    152.64
1173.76    152.688
1176    152.736
1178.24    152.784
1180.48    152.832
1182.72    152.88
1184.96    152.928
1187.2    152.976
1189.44    153.024
1191.68    153.072
1193.92    153.12
1196.16    153.168
1198.4    153.216
1200.64    153.264
1202.88    153.312
1205.12    153.36
1207.36    154.552
1209.6    153.456
1211.84    153.504
1214.08    153.552
1216.32    153.6
1218.56    153.648
1220.8    153.696
1223.04    153.744
1225.28    153.792
1227.52    153.84
1229.76    153.888
1232    153.936
1234.24    153.984
1236.48    154.032
1238.72    154.08
1243.2    151.888
1245.44    151.936
1247.68    151.984
1249.92    152.032
1252.16    152.08
1254.4    152.128
1256.64    153.32
1258.88    152.224
1261.12    152.272
1263.36    152.32
1265.6    152.368
1267.84    152.416
1270.08    152.464
1272.32    152.512
1274.56    152.56
1276.8    152.608
1279.04    152.656
1281.28    152.704
1283.52    152.752
1285.76    152.8
1288    152.848
1290.24    152.896
1292.48    152.944
1294.72    152.992
1296.96    153.04
1299.2    153.088
1301.44    153.136
1303.68    154.328
1305.92    153.232
1308.16    153.28
1310.4    153.328
1312.64    153.376
1314.88    153.424
1317.12    153.472
1319.36    153.52
1321.6    153.568
1323.84    153.616
1326.08    153.664
1328.32    153.712
1330.56    153.76
1332.8    153.808
1335.04    153.856
1337.28    153.904
1339.52    153.952
1341.76    154
1344    154.048
1348.48    151.856
1350.72    151.904
1352.96    153.096
1355.2    152
1357.44    152.048
1359.68    152.096
1361.92    152.144
1364.16    152.192
1366.4    152.24
1368.64    152.288
1370.88    152.336
1373.12    152.384
1375.36    152.432
1377.6    152.48
1379.84    152.528
1382.08    152.576
1384.32    152.624
1386.56    152.672
1388.8    152.72
1391.04    152.768
1393.28    152.816
1395.52    152.864
1397.76    154.056
1400    152.96
1402.24    153.008
1404.48    153.056
1406.72    153.104
1408.96    153.152
1411.2    153.2
1413.44    153.248
1415.68    153.296
1417.92    153.344
1420.16    153.392
1422.4    153.44
1424.64    153.488
1426.88    153.536
1429.12    153.584
1431.36    153.632
1433.6    153.68
1435.84    153.728
1438.08    153.776
1440.32    153.824
1442.56    153.872
1444.8    155.064
1447.04    153.968
1449.28    154.016
1451.52    154.064
1456    151.872
1458.24    151.92
1460.48    151.968
1462.72    152.016
1464.96    152.064
1467.2    152.112
1469.44    152.16
1471.68    152.208
1473.92    152.256
1476.16    152.304
1478.4    152.352
1480.64    152.4
1482.88    152.448
1485.12    152.496
1487.36    152.544
1489.6    152.592
1491.84    152.64
1494.08    153.832
1496.32    152.736
1498.56    152.784
1500.8    152.832
1503.04    152.88
1505.28    152.928
1507.52    152.976
1509.76    153.024
1512    153.072
1514.24    153.12
1516.48    153.168
1518.72    153.216
1520.96    153.264
1523.2    153.312
1525.44    153.36
1527.68    153.408
1529.92    153.456
1532.16    153.504
1534.4    153.552
1536.64    153.6
1538.88    153.648
1541.12    154.84
1543.36    153.744
1545.6    153.792
1547.84    153.84
1550.08    153.888
1552.32    153.936
1554.56    153.984
1556.8    154.032
1559.04    154.08
1563.52    151.888
1565.76    151.936
1568    151.984
1570.24    152.032
1572.48    152.08
1574.72    152.128
1576.96    152.176
1579.2    152.224
1581.44    152.272
1583.68    152.32
1585.92    152.368
1588.16    152.416
1590.4    153.608
1592.64    152.512
1594.88    152.56
1597.12    152.608
1599.36    152.656
1601.6    152.704
1603.84    152.752
1606.08    152.8
1608.32    152.848
1610.56    152.896
1612.8    152.944
1615.04    152.992
1617.28    153.04
1619.52    153.088
1621.76    153.136
1624    153.184
1626.24    153.232
1628.48    153.28
1630.72    153.328
1632.96    153.376
1635.2    153.424
1637.44    154.616
1639.68    153.52
1641.92    153.568
1644.16    153.616
1646.4    153.664
1648.64    153.712
1650.88    153.76
1653.12    153.808
1655.36    153.856
1657.6    153.904
1659.84    153.952
1662.08    154
1664.32    154.048
1668.8    151.856
1671.04    151.904
1673.28    151.952
1675.52    152
1677.76    152.048
1680    152.096
1682.24    152.144
1684.48    153.336
1686.72    152.24
1688.96    152.288
1691.2    152.336
1693.44    152.384
1695.68    152.432
1697.92    152.48
1700.16    152.528
1702.4    152.576
1704.64    152.624
1706.88    152.672
1709.12    152.72
1711.36    152.768
1713.6    152.816
1715.84    152.864
1718.08    152.912
1720.32    152.96
1722.56    153.008
1724.8    153.056
1727.04    153.104
1729.28    153.152
1731.52    154.344
1733.76    153.248
1736    153.296
1738.24    153.344
1740.48    153.392
1742.72    153.44
1744.96    153.488
1747.2    153.536
1749.44    153.584
1751.68    153.632
1753.92    153.68
1756.16    153.728
1758.4    153.776
1760.64    153.824
1762.88    153.872
1765.12    153.92
1767.36    153.968
1769.6    154.016
1771.84    154.064
1776.32    151.872
1778.56    151.92
1780.8    153.112
1783.04    152.016
1785.28    152.064
1787.52    152.112
1789.76    152.16
1792    152.208
1794.24    152.256
1796.48    152.304
1798.72    152.352
1800.96    152.4
1803.2    152.448
1805.44    152.496
1807.68    152.544
1809.92    152.592
1812.16    152.64
1814.4    152.688
1816.64    152.736
1818.88    152.784
1821.12    152.832
1823.36    152.88
1825.6    152.928
1827.84    154.12
1830.08    153.024
1832.32    153.072
1834.56    153.12
1836.8    153.168
1839.04    153.216
1841.28    153.264
1843.52    153.312
1845.76    153.36
1848    153.408
1850.24    153.456
1852.48    153.504
1854.72    153.552
1856.96    153.6
1859.2    153.648
1861.44    153.696
1863.68    153.744
1865.92    153.792
1868.16    153.84
1870.4    153.888
1872.64    153.936
1874.88    155.128
1877.12    154.032
1879.36    154.08
1883.84    151.888
1886.08    151.936
1888.32    151.984
1890.56    152.032
1892.8    152.08
1895.04    152.128
1897.28    152.176
1899.52    152.224
1901.76    152.272
1904    152.32
1906.24    152.368
1908.48    152.416
1910.72    152.464
1912.96    152.512
1915.2    152.56
1917.44    152.608
1919.68    152.656
1921.92    152.704
1924.16    153.896
1926.4    152.8
1928.64    152.848
1930.88    152.896
1933.12    152.944
1935.36    152.992
1937.6    153.04
1939.84    153.088
1942.08    153.136
1944.32    153.184
1946.56    153.232
1948.8    153.28
1951.04    153.328
1953.28    153.376
1955.52    153.424
1957.76    153.472
1960    153.52
1962.24    153.568
1964.48    153.616
1966.72    153.664
1968.96    154.856
1971.2    153.76
1973.44    153.808
1975.68    153.856
1977.92    153.904
1980.16    153.952
1982.4    154
1984.64    154.048
1989.12    151.856
1991.36    151.904
1993.6    151.952
1995.84    152
1998.08    152.048
2000.32    152.096
2002.56    152.144
2004.8    152.192
2007.04    152.24
2009.28    152.288
2011.52    152.336
2013.76    152.384
2016    152.432
2018.24    153.624
2020.48    152.528
2022.72    152.576
2024.96    152.624
2027.2    152.672
2029.44    152.72
2031.68    152.768
2033.92    152.816
2036.16    152.864
2038.4    152.912
2040.64    152.96
2042.88    153.008
2045.12    153.056
2047.36    153.104
2049.6    153.152
2051.84    153.2
2054.08    153.248
2056.32    153.296
2058.56    153.344
2060.8    153.392
2063.04    153.44
2065.28    154.632
2067.52    153.536
2069.76    153.584
2072    153.632
2074.24    153.68
2076.48    153.728
2078.72    153.776
2080.96    153.824
2083.2    153.872
2085.44    153.92
2087.68    153.968
2089.92    154.016
2092.16    154.064
2096.64    151.872
2098.88    151.92
2101.12    151.968
2103.36    152.016
2105.6    152.064
2107.84    152.112
2110.08    152.16
2112.32    152.208
2114.56    153.4
2116.8    152.304
2119.04    152.352
2121.28    152.4
2123.52    152.448
2125.76    152.496
2128    152.544
2130.24    152.592
2132.48    152.64
2134.72    152.688
2136.96    152.736
2139.2    152.784
2141.44    152.832
2143.68    152.88
2145.92    152.928
2148.16    152.976
2150.4    153.024
2152.64    153.072
2154.88    153.12
2157.12    153.168
2159.36    153.216
2161.6    154.408
2163.84    153.312
2166.08    153.36
2168.32    153.408
2170.56    153.456
2172.8    153.504
2175.04    153.552
2177.28    153.6
2179.52    153.648
2181.76    153.696
2184    153.744
2186.24    153.792
2188.48    153.84
2190.72    153.888
2192.96    153.936
2195.2    153.984
2197.44    154.032
2199.68    154.08
2204.16    151.888
2206.4    151.936
2208.64    151.984
2210.88    153.176
2213.12    152.08
2215.36    152.128
2217.6    152.176
2219.84    152.224
2222.08    152.272
2224.32    152.32
2226.56    152.368
2228.8    152.416
2231.04    152.464
2233.28    152.512
2235.52    152.56
2237.76    152.608
