1000    23.572
1001.12    23.572
1002.24    23.572
1003.36    23.572
1004.48    23.572
1005.6    23.572
1006.72    23.572
1007.84    23.572
1008.96    23.572
1010.08    23.572
1011.2    23.572
1012.32    23.572
1013.44    23.572
1014.56    23.572
1015.68    23.572
1016.8    23.572
1017.92    23.572
1019.04    23.572
1020.16    23.572
1021.28    23.572
1022.4    23.572
1023.52    23.572
1024.64    23.572
1025.76    23.572
1026.88    23.572
1028    23.572
1029.12    23.572
1030.24    23.572
1031.36    23.572
1032.48    23.572
1033.6    23.572
1034.72    23.572
1035.84    23.572
1036.96    23.572
1038.08    23.572
1039.2    23.572
1040.32    23.572
1041.44    23.572
1042.56    23.572
1043.68    23.572
1044.8    23.572
1045.92    23.572
1047.04    23.572
1048.16    23.572
1049.28    23.572
1050.4    23.572
1051.52    23.572
1052.64    23.572
1053.76    23.572
1054.88    23.572
1056    23.572
1057.12    23.572
1058.24    23.572
1059.36    23.572
1060.48    23.572
1061.6    23.572
1062.72    23.572
1063.84    23.572
1064.96    23.572
1066.08    23.572
1067.2    23.572
1068.32    23.572
1069.44    23.572
1070.56    23.572
1071.68    23.572
1072.8    23.572
1073.92    23.572
1075.04    23.572
1076.16    23.572
1077.28    23.572
1078.4    23.572
1079.52    23.572
1080.64    23.572
1081.76    23.572
1082.88    23.572
1084    23.572
1085.12    23.572
1086.24    23.572
1087.36    23.572
1088.48    23.572
1089.6    23.572
1090.72    23.572
1091.84    23.572
1092.96    23.572
1094.08    23.572
1095.2    23.572
1096.32    23.572
1097.44    23.572
1098.56    23.572
1099.68    23.572
1100.8    23.572
1101.92    23.581
1103.04    23.572
1104.16    23.572
1105.28    23.572
1106.4    23.572
1107.52    23.572
1108.64    23.572
1109.76    23.572
1110.88    23.572
1112    23.581
1113.12    23.572
1114.24    23.572
1115.36    23.572
1116.48    23.572
1117.6    23.572
1118.72    23.572
1119.84    23.572
1120.96    23.572
1122.08    23.572
1123.2    23.572
1124.32    23.572
1125.44    23.572
1126.56    23.572
1127.68    23.572
1128.8    23.572
1129.92    23.572
1131.04    23.572
1132.16    23.572
1133.28    23.572
1134.4    23.572
1135.52    23.572
1136.64    23.572
1137.76    23.572
1138.88    23.572
1140    23.58
1141.12    23.572
1142.24    23.572
1143.36    23.572
1144.48    23.572
1145.6    23.572
1146.72    23.572
1147.84    23.572
1148.96    23.572
1150.08    23.572
1151.2    23.572
1152.32    23.572
1153.44    23.572
1154.56    23.572
1155.68    23.572
1156.8    23.572
1157.92    23.572
1159.04    23.572
1160.16    23.572
1161.28    23.572
1162.4    23.572
1163.52    23.572
1164.64    23.572
1165.76    23.572
1166.88    23.572
1168    23.572
1169.12    23.572
1170.24    23.572
1171.36    23.572
1172.48    23.572
1173.6    23.572
1174.72    23.572
1175.84    23.572
1176.96    23.572
1178.08    23.572
1179.2    23.572
1180.32    23.572
1181.44    23.572
1182.56    23.572
1183.68    23.572
1184.8    23.572
1185.92    23.572
1187.04    23.572
1188.16    23.572
1189.28    23.572
1190.4    23.572
1191.52    23.572
1192.64    23.572
1193.76    23.572
1194.88    23.572
1196    23.572
1197.12    23.572
1198.24    23.572
1199.36    23.572
1200.48    23.572
1201.6    23.572
1202.72    23.572
1203.84    23.572
1204.96    23.572
1206.08    23.572
1207.2    23.572
1208.32    23.572
1209.44    23.572
1210.56    23.572
1211.68    23.572
1212.8    23.572
1213.92    23.572
1215.04    23.572
1216.16    23.572
1217.28    23.572
1218.4    23.572
1219.52    23.572
1220.64    23.572
1221.76    23.572
1222.88    23.572
1224    23.572
1225.12    23.572
1226.24    23.572
1227.36    23.572
1228.48    23.572
1229.6    23.572
1230.72    23.572
1231.84    23.572
1232.96    23.572
1234.08    23.572
1235.2    23.572
1236.32    23.572
1237.44    23.572
1238.56    23.572
1239.68    23.572
1240.8    23.572
1241.92    23.581
1243.04    23.572
1244.16    23.572
1245.28    23.572
1246.4    23.572
1247.52    23.572
1248.64    23.572
1249.76    23.572
1250.88    23.572
1252    23.581
1253.12    23.572
1254.24    23.572
1255.36    23.572
1256.48    23.572
1257.6    23.572
1258.72    23.572
1259.84    23.572
1260.96    23.572
1262.08    23.572
1263.2    23.572
1264.32    23.572
1265.44    23.572
1266.56    23.572
1267.68    23.572
1268.8    23.572
1269.92    23.572
1271.04    23.572
1272.16    23.572
1273.28    23.572
1274.4    23.572
1275.52    23.572
1276.64    23.572
1277.76    23.572
1278.88    23.572
1280    23.58
1281.12    23.572
1282.24    23.572
1283.36    23.572
1284.48    23.572
1285.6    23.572
1286.72    23.572
1287.84    23.572
1288.96    23.572
1290.08    23.572
1291.2    23.572
1292.32    23.572
1293.44    23.572
1294.56    23.572
1295.68    23.572
1296.8    23.572
1297.92    23.572
1299.04    23.572
1300.16    23.572
1301.28    23.572
1302.4    23.572
1303.52    23.572
1304.64    23.572
1305.76    23.572
1306.88    23.572
1308    23.572
1309.12    23.572
1310.24    23.572
1311.36    23.572
1312.48    23.572
1313.6    23.572
1314.72    23.572
1315.84    23.572
1316.96    23.572
1318.08    23.572
1319.2    23.572
1320.32    23.572
1321.44    23.572
1322.56    23.572
1323.68    23.572
1324.8    23.572
1325.92    23.572
1327.04    23.572
1328.16    23.572
1329.28    23.572
1330.4    23.572
1331.52    23.572
1332.64    23.572
1333.76    23.572
1334.88    23.572
1336    23.572
1337.12    23.572
1338.24    23.572
1339.36    23.572
1340.48    23.572
1341.6    23.572
1342.72    23.572
1343.84    23.572
1344.96    23.572
1346.08    23.572
1347.2    23.572
1348.32    23.572
1349.44    23.572
1350.56    23.572
1351.68    23.572
1352.8    23.572
1353.92    23.572
1355.04    23.572
1356.16    23.572
1357.28    23.572
1358.4    23.572
1359.52    23.572
1360.64    23.572
1361.76    23.572
1362.88    23.572
1364    23.572
1365.12    23.572
1366.24    23.572
1367.36    23.572
1368.48    23.572
1369.6    23.572
1370.72    23.572
1371.84    23.572
1372.96    23.572
1374.08    23.572
1375.2    23.572
1376.32    23.572
1377.44    23.572
1378.56    23.572
1379.68    23.572
1380.8    23.572
1381.92    23.581
1383.04    23.572
1384.16    23.572
1385.28    23.572
1386.4    23.572
1387.52    23.572
1388.64    23.572
1389.76    23.572
1390.88    23.572
1392    23.581
1393.12    23.572
1394.24    23.572
1395.36    23.572
1396.48    23.572
1397.6    23.572
1398.72    23.572
1399.84    23.572
1400.96    23.572
1402.08    23.572
1403.2    23.572
1404.32    23.572
1405.44    23.572
1406.56    23.572
1407.68    23.572
1408.8    23.572
1409.92    23.572
1411.04    23.572
1412.16    23.572
1413.28    23.572
1414.4    23.572
1415.52    23.572
1416.64    23.572
1417.76    23.572
1418.88    23.572
1420    23.58
1421.12    23.572
1422.24    23.572
1423.36    23.572
1424.48    23.572
1425.6    23.572
1426.72    23.572
1427.84    23.572
1428.96    23.572
1430.08    23.572
1431.2    23.572
1432.32    23.572
1433.44    23.572
1434.56    23.572
1435.68    23.572
1436.8    23.572
1437.92    23.572
1439.04    23.572
1440.16    23.572
1441.28    23.572
1442.4    23.572
1443.52    23.572
1444.64    23.572
1445.76    23.572
1446.88    23.572
1448    23.572
1449.12    23.572
1450.24    23.572
1451.36    23.572
1452.48    23.572
1453.6    23.572
1454.72    23.572
1455.84    23.572
1456.96    23.572
1458.08    23.572
1459.2    23.572
1460.32    23.572
1461.44    23.572
1462.56    23.572
1463.68    23.572
1464.8    23.572
1465.92    23.572
1467.04    23.572
1468.16    23.572
1469.28    23.572
1470.4    23.572
1471.52    23.572
1472.64    23.572
1473.76    23.572
1474.88    23.572
1476    23.572
1477.12    23.572
1478.24    23.572
1479.36    23.572
1480.48    23.572
1481.6    23.572
1482.72    23.572
1483.84    23.572
1484.96    23.572
1486.08    23.572
1487.2    23.572
1488.32    23.572
1489.44    23.572
1490.56    23.572
1491.68    23.572
1492.8    23.572
1493.92    23.572
1495.04    23.572
1496.16    23.572
1497.28    23.572
1498.4    23.572
1499.52    23.572
1500.64    23.572
1501.76    23.572
1502.88    23.572
1504    23.572
1505.12    23.572
1506.24    23.572
1507.36    23.572
1508.48    23.572
1509.6    23.572
1510.72    23.572
1511.84    23.572
1512.96    23.572
1514.08    23.572
1515.2    23.572
1516.32    23.572
1517.44    23.572
1518.56    23.572
1519.68    23.572
1520.8    23.572
1521.92    23.581
1523.04    23.572
1524.16    23.572
1525.28    23.572
1526.4    23.572
1527.52    23.572
1528.64    23.572
1529.76    23.572
1530.88    23.572
1532    23.581
1533.12    23.572
1534.24    23.572
1535.36    23.572
1536.48    23.572
1537.6    23.572
1538.72    23.572
1539.84    23.572
1540.96    23.572
1542.08    23.572
1543.2    23.572
1544.32    23.572
1545.44    23.572
1546.56    23.572
1547.68    23.572
1548.8    23.572
1549.92    23.572
1551.04    23.572
1552.16    23.572
1553.28    23.572
1554.4    23.572
1555.52    23.572
1556.64    23.572
1557.76    23.572
1558.88    23.572
1560    23.58
1561.12    23.572
1562.24    23.572
1563.36    23.572
1564.48    23.572
1565.6    23.572
1566.72    23.572
1567.84    23.572
1568.96    23.572
1570.08    23.572
1571.2    23.572
1572.32    23.572
1573.44    23.572
1574.56    23.572
1575.68    23.572
1576.8    23.572
1577.92    23.572
1579.04    23.572
1580.16    23.572
1581.28    23.572
1582.4    23.572
1583.52    23.572
1584.64    23.572
1585.76    23.572
1586.88    23.572
1588    23.572
1589.12    23.572
1590.24    23.572
1591.36    23.572
1592.48    23.572
1593.6    23.572
1594.72    23.572
1595.84    23.572
1596.96    23.572
1598.08    23.572
1599.2    23.572
1600.32    23.572
1601.44    23.572
1602.56    23.572
1603.68    23.572
1604.8    23.572
1605.92    23.572
1607.04    23.572
1608.16    23.572
1609.28    23.572
1610.4    23.572
1611.52    23.572
1612.64    23.572
1613.76    23.572
1614.88    23.572
1616    23.572
1617.12    23.572
1618.24    23.572
1619.36    23.572
1620.48    23.572
1621.6    23.572
1622.72    23.572
1623.84    23.572
1624.96    23.572
1626.08    23.572
1627.2    23.572
1628.32    23.572
1629.44    23.572
1630.56    23.572
1631.68    23.572
1632.8    23.572
1633.92    23.572
1635.04    23.572
1636.16    23.572
1637.28    23.572
1638.4    23.572
1639.52    23.572
1640.64    23.572
1641.76    23.572
1642.88    23.572
1644    23.572
1645.12    23.572
1646.24    23.572
1647.36    23.572
1648.48    23.572
1649.6    23.572
1650.72    23.572
1651.84    23.572
1652.96    23.572
1654.08    23.572
1655.2    23.572
1656.32    23.572
1657.44    23.572
1658.56    23.572
1659.68    23.572
1660.8    23.572
1661.92    23.581
1663.04    23.572
1664.16    23.572
1665.28    23.572
1666.4    23.572
1667.52    23.572
1668.64    23.572
1669.76    23.572
1670.88    23.572
1672    23.581
1673.12    23.572
1674.24    23.572
1675.36    23.572
1676.48    23.572
1677.6    23.572
1678.72    23.572
1679.84    23.572
1680.96    23.572
1682.08    23.572
1683.2    23.572
1684.32    23.572
1685.44    23.572
1686.56    23.572
1687.68    23.572
1688.8    23.572
1689.92    23.572
1691.04    23.572
1692.16    23.572
1693.28    23.572
1694.4    23.572
1695.52    23.572
1696.64    23.572
1697.76    23.572
1698.88    23.572
1700    23.58
1701.12    23.572
1702.24    23.572
1703.36    23.572
1704.48    23.572
1705.6    23.572
1706.72    23.572
1707.84    23.572
1708.96    23.572
1710.08    23.572
1711.2    23.572
1712.32    23.572
1713.44    23.572
1714.56    23.572
1715.68    23.572
1716.8    23.572
1717.92    23.572
1719.04    23.572
1720.16    23.572
1721.28    23.572
1722.4    23.572
1723.52    23.572
1724.64    23.572
1725.76    23.572
1726.88    23.572
1728    23.572
1729.12    23.572
1730.24    23.572
1731.36    23.572
1732.48    23.572
1733.6    23.572
1734.72    23.572
1735.84    23.572
1736.96    23.572
1738.08    23.572
1739.2    23.572
1740.32    23.572
1741.44    23.572
1742.56    23.572
1743.68    23.572
1744.8    23.572
1745.92    23.572
1747.04    23.572
1748.16    23.572
1749.28    23.572
1750.4    23.572
1751.52    23.572
1752.64    23.572
1753.76    23.572
1754.88    23.572
1756    23.572
1757.12    23.572
1758.24    23.572
1759.36    23.572
1760.48    23.572
1761.6    23.572
1762.72    23.572
1763.84    23.572
1764.96    23.572
1766.08    23.572
1767.2    23.572
1768.32    23.572
1769.44    23.572
1770.56    23.572
1771.68    23.572
1772.8    23.572
1773.92    23.572
1775.04    23.572
1776.16    23.572
1777.28    23.572
1778.4    23.572
1779.52    23.572
1780.64    23.572
1781.76    23.572
1782.88    23.572
1784    23.572
1785.12    23.572
1786.24    23.572
1787.36    23.572
1788.48    23.572
1789.6    23.572
1790.72    23.572
1791.84    23.572
1792.96    23.572
1794.08    23.572
1795.2    23.572
1796.32    23.572
1797.44    23.572
1798.56    23.572
1799.68    23.572
1800.8    23.572
1801.92    23.581
1803.04    23.572
1804.16    23.572
1805.28    23.572
1806.4    23.572
1807.52    23.572
1808.64    23.572
1809.76    23.572
1810.88    23.572
1812    23.581
1813.12    23.572
1814.24    23.572
1815.36    23.572
1816.48    23.572
1817.6    23.572
1818.72    23.572
1819.84    23.572
1820.96    23.572
1822.08    23.572
1823.2    23.572
1824.32    23.572
1825.44    23.572
1826.56    23.572
1827.68    23.572
1828.8    23.572
1829.92    23.572
1831.04    23.572
1832.16    23.572
1833.28    23.572
1834.4    23.572
1835.52    23.572
1836.64    23.572
1837.76    23.572
1838.88    23.572
1840    23.58
1841.12    23.572
1842.24    23.572
1843.36    23.572
1844.48    23.572
1845.6    23.572
1846.72    23.572
1847.84    23.572
1848.96    23.572
1850.08    23.572
1851.2    23.572
1852.32    23.572
1853.44    23.572
1854.56    23.572
1855.68    23.572
1856.8    23.572
1857.92    23.572
1859.04    23.572
1860.16    23.572
1861.28    23.572
1862.4    23.572
1863.52    23.572
1864.64    23.572
1865.76    23.572
1866.88    23.572
1868    23.572
1869.12    23.572
1870.24    23.572
1871.36    23.572
1872.48    23.572
1873.6    23.572
1874.72    23.572
1875.84    23.572
1876.96    23.572
1878.08    23.572
1879.2    23.572
1880.32    23.572
1881.44    23.572
1882.56    23.572
1883.68    23.572
1884.8    23.572
1885.92    23.572
1887.04    23.572
1888.16    23.572
1889.28    23.572
1890.4    23.572
1891.52    23.572
1892.64    23.572
1893.76    23.572
1894.88    23.572
1896    23.572
1897.12    23.572
1898.24    23.572
1899.36    23.572
1900.48    23.572
1901.6    23.572
1902.72    23.572
1903.84    23.572
1904.96    23.572
1906.08    23.572
1907.2    23.572
1908.32    23.572
1909.44    23.572
1910.56    23.572
1911.68    23.572
1912.8    23.572
1913.92    23.572
1915.04    23.572
1916.16    23.572
1917.28    23.572
1918.4    23.572
1919.52    23.572
1920.64    23.572
1921.76    23.572
1922.88    23.572
1924    23.572
1925.12    23.572
1926.24    23.572
1927.36    23.572
1928.48    23.572
1929.6    23.572
1930.72    23.572
1931.84    23.572
1932.96    23.572
1934.08    23.572
1935.2    23.572
1936.32    23.572
1937.44    23.572
1938.56    23.572
1939.68    23.572
1940.8    23.572
1941.92    23.581
1943.04    23.572
1944.16    23.572
1945.28    23.572
1946.4    23.572
1947.52    23.572
1948.64    23.572
1949.76    23.572
1950.88    23.572
1952    23.581
1953.12    23.572
1954.24    23.572
1955.36    23.572
1956.48    23.572
1957.6    23.572
1958.72    23.572
1959.84    23.572
1960.96    23.572
1962.08    23.572
1963.2    23.572
1964.32    23.572
1965.44    23.572
1966.56    23.572
1967.68    23.572
1968.8    23.572
1969.92    23.572
1971.04    23.572
1972.16    23.572
1973.28    23.572
1974.4    23.572
1975.52    23.572
1976.64    23.572
1977.76    23.572
1978.88    23.572
1980    23.58
1981.12    23.572
1982.24    23.572
1983.36    23.572
1984.48    23.572
1985.6    23.572
1986.72    23.572
1987.84    23.572
1988.96    23.572
1990.08    23.572
1991.2    23.572
1992.32    23.572
1993.44    23.572
1994.56    23.572
1995.68    23.572
1996.8    23.572
1997.92    23.572
1999.04    23.572
2000.16    23.572
2001.28    23.572
2002.4    23.572
2003.52    23.572
2004.64    23.572
2005.76    23.572
2006.88    23.572
2008    23.572
2009.12    23.572
2010.24    23.572
2011.36    23.572
2012.48    23.572
2013.6    23.572
2014.72    23.572
2015.84    23.572
2016.96    23.572
2018.08    23.572
2019.2    23.572
2020.32    23.572
2021.44    23.572
2022.56    23.572
2023.68    23.572
2024.8    23.572
2025.92    23.572
2027.04    23.572
2028.16    23.572
2029.28    23.572
2030.4    23.572
2031.52    23.572
2032.64    23.572
2033.76    23.572
2034.88    23.572
2036    23.572
2037.12    23.572
2038.24    23.572
2039.36    23.572
2040.48    23.572
2041.6    23.572
2042.72    23.572
2043.84    23.572
2044.96    23.572
2046.08    23.572
2047.2    23.572
2048.32    23.572
2049.44    23.572
2050.56    23.572
2051.68    23.572
2052.8    23.572
2053.92    23.572
2055.04    23.572
2056.16    23.572
2057.28    23.572
2058.4    23.572
2059.52    23.572
2060.64    23.572
2061.76    23.572
2062.88    23.572
2064    23.572
2065.12    23.572
2066.24    23.572
2067.36    23.572
2068.48    23.572
2069.6    23.572
2070.72    23.572
2071.84    23.572
2072.96    23.572
2074.08    23.572
2075.2    23.572
2076.32    23.572
2077.44    23.572
2078.56    23.572
2079.68    23.572
2080.8    23.572
2081.92    23.581
2083.04    23.572
2084.16    23.572
2085.28    23.572
2086.4    23.572
2087.52    23.572
2088.64    23.572
2089.76    23.572
2090.88    23.572
2092    23.581
2093.12    23.572
2094.24    23.572
2095.36    23.572
2096.48    23.572
2097.6    23.572
2098.72    23.572
2099.84    23.572
2100.96    23.572
2102.08    23.572
2103.2    23.572
2104.32    23.572
2105.44    23.572
2106.56    23.572
2107.68    23.572
2108.8    23.572
2109.92    23.572
2111.04    23.572
2112.16    23.572
2113.28    23.572
2114.4    23.572
2115.52    23.572
2116.64    23.572
2117.76    23.572
2118.88    23.572
