1000    28.457
1001.12    28.457
1002.24    28.457
1003.36    28.457
1004.48    28.457
1005.6    28.457
1006.72    28.457
1007.84    28.457
1008.96    28.457
1010.08    28.457
1011.2    28.457
1012.32    28.457
1013.44    28.457
1014.56    28.457
1015.68    28.457
1016.8    28.457
1017.92    28.457
1019.04    28.457
1020.16    28.457
1021.28    28.457
1022.4    28.457
1023.52    28.457
1024.64    28.457
1025.76    28.457
1026.88    28.457
1028    28.457
1029.12    28.457
1030.24    28.457
1031.36    28.457
1032.48    28.457
1033.6    28.457
1034.72    28.457
1035.84    28.457
1036.96    28.457
1038.08    28.457
1039.2    28.457
1040.32    28.457
1041.44    28.457
1042.56    28.457
1043.68    28.457
1044.8    28.457
1045.92    28.457
1047.04    28.457
1048.16    28.457
1049.28    28.457
1050.4    28.457
1051.52    28.457
1052.64    28.457
1053.76    28.457
1054.88    28.457
1056    28.457
1057.12    28.457
1058.24    28.457
1059.36    28.457
1060.48    28.457
1061.6    28.457
1062.72    28.457
1063.84    28.457
1064.96    28.457
1066.08    28.457
1067.2    28.457
1068.32    28.457
1069.44    28.457
1070.56    28.457
1071.68    28.457
1072.8    28.457
1073.92    28.457
1075.04    28.457
1076.16    28.457
1077.28    28.457
1078.4    28.457
1079.52    28.457
1080.64    28.457
1081.76    28.457
1082.88    28.457
1084    28.457
1085.12    28.457
1086.24    28.457
1087.36    28.457
1088.48    28.457
1089.6    28.457
1090.72    28.457
1091.84    28.457
1092.96    28.457
1094.08    28.457
1095.2    28.457
1096.32    28.457
1097.44    28.457
1098.56    28.457
1099.68    28.457
1100.8    28.457
1101.92    28.469
1103.04    28.457
1104.16    28.457
1105.28    28.457
1106.4    28.457
1107.52    28.457
1108.64    28.457
1109.76    28.457
1110.88    28.457
1112    28.469
1113.12    28.457
1114.24    28.457
1115.36    28.457
1116.48    28.457
1117.6    28.457
1118.72    28.457
1119.84    28.457
1120.96    28.457
1122.08    28.457
1123.2    28.457
1124.32    28.457
1125.44    28.457
1126.56    28.457
1127.68    28.457
1128.8    28.457
1129.92    28.457
1131.04    28.457
1132.16    28.457
1133.28    28.457
1134.4    28.457
1135.52    28.457
1136.64    28.457
1137.76    28.457
1138.88    28.457
1140    28.465
1141.12    28.457
1142.24    28.457
1143.36    28.457
1144.48    28.457
1145.6    28.457
1146.72    28.457
1147.84    28.457
1148.96    28.457
1150.08    28.457
1151.2    28.457
1152.32    28.457
1153.44    28.457
1154.56    28.457
1155.68    28.457
1156.8    28.457
1157.92    28.457
1159.04    28.457
1160.16    28.457
1161.28    28.457
1162.4    28.457
1163.52    28.457
1164.64    28.457
1165.76    28.457
1166.88    28.457
1168    28.457
1169.12    28.457
1170.24    28.457
1171.36    28.457
1172.48    28.457
1173.6    28.457
1174.72    28.457
1175.84    28.457
1176.96    28.457
1178.08    28.457
1179.2    28.457
1180.32    28.457
1181.44    28.457
1182.56    28.457
1183.68    28.457
1184.8    28.457
1185.92    28.457
1187.04    28.457
1188.16    28.457
1189.28    28.457
1190.4    28.457
1191.52    28.457
1192.64    28.457
1193.76    28.457
1194.88    28.457
1196    28.457
1197.12    28.457
1198.24    28.457
1199.36    28.457
1200.48    28.457
1201.6    28.457
1202.72    28.457
1203.84    28.457
1204.96    28.457
1206.08    28.457
1207.2    28.457
1208.32    28.457
1209.44    28.457
1210.56    28.457
1211.68    28.457
1212.8    28.457
1213.92    28.457
1215.04    28.457
1216.16    28.457
1217.28    28.457
1218.4    28.457
1219.52    28.457
1220.64    28.457
1221.76    28.457
1222.88    28.457
1224    28.457
1225.12    28.457
1226.24    28.457
1227.36    28.457
1228.48    28.457
1229.6    28.457
1230.72    28.457
1231.84    28.457
1232.96    28.457
1234.08    28.457
1235.2    28.457
1236.32    28.457
1237.44    28.457
1238.56    28.457
1239.68    28.457
1240.8    28.457
1241.92    28.469
1243.04    28.457
1244.16    28.457
1245.28    28.457
1246.4    28.457
1247.52    28.457
1248.64    28.457
1249.76    28.457
1250.88    28.457
1252    28.469
1253.12    28.457
1254.24    28.457
1255.36    28.457
1256.48    28.457
1257.6    28.457
1258.72    28.457
1259.84    28.457
1260.96    28.457
1262.08    28.457
1263.2    28.457
1264.32    28.457
1265.44    28.457
1266.56    28.457
1267.68    28.457
1268.8    28.457
1269.92    28.457
1271.04    28.457
1272.16    28.457
1273.28    28.457
1274.4    28.457
1275.52    28.457
1276.64    28.457
1277.76    28.457
1278.88    28.457
1280    28.465
1281.12    28.457
1282.24    28.457
1283.36    28.457
1284.48    28.457
1285.6    28.457
1286.72    28.457
1287.84    28.457
1288.96    28.457
1290.08    28.457
1291.2    28.457
1292.32    28.457
1293.44    28.457
1294.56    28.457
1295.68    28.457
1296.8    28.457
1297.92    28.457
1299.04    28.457
1300.16    28.457
1301.28    28.457
1302.4    28.457
1303.52    28.457
1304.64    28.457
1305.76    28.457
1306.88    28.457
1308    28.457
1309.12    28.457
1310.24    28.457
1311.36    28.457
1312.48    28.457
1313.6    28.457
1314.72    28.457
1315.84    28.457
1316.96    28.457
1318.08    28.457
1319.2    28.457
1320.32    28.457
1321.44    28.457
1322.56    28.457
1323.68    28.457
1324.8    28.457
1325.92    28.457
1327.04    28.457
1328.16    28.457
1329.28    28.457
1330.4    28.457
1331.52    28.457
1332.64    28.457
1333.76    28.457
1334.88    28.457
1336    28.457
1337.12    28.457
1338.24    28.457
1339.36    28.457
1340.48    28.457
1341.6    28.457
1342.72    28.457
1343.84    28.457
1344.96    28.457
1346.08    28.457
1347.2    28.457
1348.32    28.457
1349.44    28.457
1350.56    28.457
1351.68    28.457
1352.8    28.457
1353.92    28.457
1355.04    28.457
1356.16    28.457
1357.28    28.457
1358.4    28.457
1359.52    28.457
1360.64    28.457
1361.76    28.457
1362.88    28.457
1364    28.457
1365.12    28.457
1366.24    28.457
1367.36    28.457
1368.48    28.457
1369.6    28.457
1370.72    28.457
1371.84    28.457
1372.96    28.457
1374.08    28.457
1375.2    28.457
1376.32    28.457
1377.44    28.457
1378.56    28.457
1379.68    28.457
1380.8    28.457
1381.92    28.469
1383.04    28.457
1384.16    28.457
1385.28    28.457
1386.4    28.457
1387.52    28.457
1388.64    28.457
1389.76    28.457
1390.88    28.457
1392    28.469
1393.12    28.457
1394.24    28.457
1395.36    28.457
1396.48    28.457
1397.6    28.457
1398.72    28.457
1399.84    28.457
1400.96    28.457
1402.08    28.457
1403.2    28.457
1404.32    28.457
1405.44    28.457
1406.56    28.457
1407.68    28.457
1408.8    28.457
1409.92    28.457
1411.04    28.457
1412.16    28.457
1413.28    28.457
1414.4    28.457
1415.52    28.457
1416.64    28.457
1417.76    28.457
1418.88    28.457
1420    28.465
1421.12    28.457
1422.24    28.457
1423.36    28.457
1424.48    28.457
1425.6    28.457
1426.72    28.457
1427.84    28.457
1428.96    28.457
1430.08    28.457
1431.2    28.457
1432.32    28.457
1433.44    28.457
1434.56    28.457
1435.68    28.457
1436.8    28.457
1437.92    28.457
1439.04    28.457
1440.16    28.457
1441.28    28.457
1442.4    28.457
1443.52    28.457
1444.64    28.457
1445.76    28.457
1446.88    28.457
1448    28.457
1449.12    28.457
1450.24    28.457
1451.36    28.457
1452.48    28.457
1453.6    28.457
1454.72    28.457
1455.84    28.457
1456.96    28.457
1458.08    28.457
1459.2    28.457
1460.32    28.457
1461.44    28.457
1462.56    28.457
1463.68    28.457
1464.8    28.457
1465.92    28.457
1467.04    28.457
1468.16    28.457
1469.28    28.457
1470.4    28.457
1471.52    28.457
1472.64    28.457
1473.76    28.457
1474.88    28.457
1476    28.457
1477.12    28.457
1478.24    28.457
1479.36    28.457
1480.48    28.457
1481.6    28.457
1482.72    28.457
1483.84    28.457
1484.96    28.457
1486.08    28.457
1487.2    28.457
1488.32    28.457
1489.44    28.457
1490.56    28.457
1491.68    28.457
1492.8    28.457
1493.92    28.457
1495.04    28.457
1496.16    28.457
1497.28    28.457
1498.4    28.457
1499.52    28.457
1500.64    28.457
1501.76    28.457
1502.88    28.457
1504    28.457
1505.12    28.457
1506.24    28.457
1507.36    28.457
1508.48    28.457
1509.6    28.457
1510.72    28.457
1511.84    28.457
1512.96    28.457
1514.08    28.457
1515.2    28.457
1516.32    28.457
1517.44    28.457
1518.56    28.457
1519.68    28.457
1520.8    28.457
1521.92    28.469
1523.04    28.457
1524.16    28.457
1525.28    28.457
1526.4    28.457
1527.52    28.457
1528.64    28.457
1529.76    28.457
1530.88    28.457
1532    28.469
1533.12    28.457
1534.24    28.457
1535.36    28.457
1536.48    28.457
1537.6    28.457
1538.72    28.457
1539.84    28.457
1540.96    28.457
1542.08    28.457
1543.2    28.457
1544.32    28.457
1545.44    28.457
1546.56    28.457
1547.68    28.457
1548.8    28.457
1549.92    28.457
1551.04    28.457
1552.16    28.457
1553.28    28.457
1554.4    28.457
1555.52    28.457
1556.64    28.457
1557.76    28.457
1558.88    28.457
1560    28.465
1561.12    28.457
1562.24    28.457
1563.36    28.457
1564.48    28.457
1565.6    28.457
1566.72    28.457
1567.84    28.457
1568.96    28.457
1570.08    28.457
1571.2    28.457
1572.32    28.457
1573.44    28.457
1574.56    28.457
1575.68    28.457
1576.8    28.457
1577.92    28.457
1579.04    28.457
1580.16    28.457
1581.28    28.457
1582.4    28.457
1583.52    28.457
1584.64    28.457
1585.76    28.457
1586.88    28.457
1588    28.457
1589.12    28.457
1590.24    28.457
1591.36    28.457
1592.48    28.457
1593.6    28.457
1594.72    28.457
1595.84    28.457
1596.96    28.457
1598.08    28.457
1599.2    28.457
1600.32    28.457
1601.44    28.457
1602.56    28.457
1603.68    28.457
1604.8    28.457
1605.92    28.457
1607.04    28.457
1608.16    28.457
1609.28    28.457
1610.4    28.457
1611.52    28.457
1612.64    28.457
1613.76    28.457
1614.88    28.457
1616    28.457
1617.12    28.457
1618.24    28.457
1619.36    28.457
1620.48    28.457
1621.6    28.457
1622.72    28.457
1623.84    28.457
1624.96    28.457
1626.08    28.457
1627.2    28.457
1628.32    28.457
1629.44    28.457
1630.56    28.457
1631.68    28.457
1632.8    28.457
1633.92    28.457
1635.04    28.457
1636.16    28.457
1637.28    28.457
1638.4    28.457
1639.52    28.457
1640.64    28.457
1641.76    28.457
1642.88    28.457
1644    28.457
1645.12    28.457
1646.24    28.457
1647.36    28.457
1648.48    28.457
1649.6    28.457
1650.72    28.457
1651.84    28.457
1652.96    28.457
1654.08    28.457
1655.2    28.457
1656.32    28.457
1657.44    28.457
1658.56    28.457
1659.68    28.457
1660.8    28.457
1661.92    28.469
1663.04    28.457
1664.16    28.457
1665.28    28.457
1666.4    28.457
1667.52    28.457
1668.64    28.457
1669.76    28.457
1670.88    28.457
1672    28.469
1673.12    28.457
1674.24    28.457
1675.36    28.457
1676.48    28.457
1677.6    28.457
1678.72    28.457
1679.84    28.457
1680.96    28.457
1682.08    28.457
1683.2    28.457
1684.32    28.457
1685.44    28.457
1686.56    28.457
1687.68    28.457
1688.8    28.457
1689.92    28.457
1691.04    28.457
1692.16    28.457
1693.28    28.457
1694.4    28.457
1695.52    28.457
1696.64    28.457
1697.76    28.457
1698.88    28.457
1700    28.465
1701.12    28.457
1702.24    28.457
1703.36    28.457
1704.48    28.457
1705.6    28.457
1706.72    28.457
1707.84    28.457
1708.96    28.457
1710.08    28.457
1711.2    28.457
1712.32    28.457
1713.44    28.457
1714.56    28.457
1715.68    28.457
1716.8    28.457
1717.92    28.457
1719.04    28.457
1720.16    28.457
1721.28    28.457
1722.4    28.457
1723.52    28.457
1724.64    28.457
1725.76    28.457
1726.88    28.457
1728    28.457
1729.12    28.457
1730.24    28.457
1731.36    28.457
1732.48    28.457
1733.6    28.457
1734.72    28.457
1735.84    28.457
1736.96    28.457
1738.08    28.457
1739.2    28.457
1740.32    28.457
1741.44    28.457
1742.56    28.457
1743.68    28.457
1744.8    28.457
1745.92    28.457
1747.04    28.457
1748.16    28.457
1749.28    28.457
1750.4    28.457
1751.52    28.457
1752.64    28.457
1753.76    28.457
1754.88    28.457
1756    28.457
1757.12    28.457
1758.24    28.457
1759.36    28.457
1760.48    28.457
1761.6    28.457
1762.72    28.457
1763.84    28.457
1764.96    28.457
1766.08    28.457
1767.2    28.457
1768.32    28.457
1769.44    28.457
1770.56    28.457
1771.68    28.457
1772.8    28.457
1773.92    28.457
1775.04    28.457
1776.16    28.457
1777.28    28.457
1778.4    28.457
1779.52    28.457
1780.64    28.457
1781.76    28.457
1782.88    28.457
1784    28.457
1785.12    28.457
1786.24    28.457
1787.36    28.457
1788.48    28.457
1789.6    28.457
1790.72    28.457
1791.84    28.457
1792.96    28.457
1794.08    28.457
1795.2    28.457
1796.32    28.457
1797.44    28.457
1798.56    28.457
1799.68    28.457
1800.8    28.457
1801.92    28.469
1803.04    28.457
1804.16    28.457
1805.28    28.457
1806.4    28.457
1807.52    28.457
1808.64    28.457
1809.76    28.457
1810.88    28.457
1812    28.469
1813.12    28.457
1814.24    28.457
1815.36    28.457
1816.48    28.457
1817.6    28.457
1818.72    28.457
1819.84    28.457
1820.96    28.457
1822.08    28.457
1823.2    28.457
1824.32    28.457
1825.44    28.457
1826.56    28.457
1827.68    28.457
1828.8    28.457
1829.92    28.457
1831.04    28.457
1832.16    28.457
1833.28    28.457
1834.4    28.457
1835.52    28.457
1836.64    28.457
1837.76    28.457
1838.88    28.457
1840    28.465
1841.12    28.457
1842.24    28.457
1843.36    28.457
1844.48    28.457
1845.6    28.457
1846.72    28.457
1847.84    28.457
1848.96    28.457
1850.08    28.457
1851.2    28.457
1852.32    28.457
1853.44    28.457
1854.56    28.457
1855.68    28.457
1856.8    28.457
1857.92    28.457
1859.04    28.457
1860.16    28.457
1861.28    28.457
1862.4    28.457
1863.52    28.457
1864.64    28.457
1865.76    28.457
1866.88    28.457
1868    28.457
1869.12    28.457
1870.24    28.457
1871.36    28.457
1872.48    28.457
1873.6    28.457
1874.72    28.457
1875.84    28.457
1876.96    28.457
1878.08    28.457
1879.2    28.457
1880.32    28.457
1881.44    28.457
1882.56    28.457
1883.68    28.457
1884.8    28.457
1885.92    28.457
1887.04    28.457
1888.16    28.457
1889.28    28.457
1890.4    28.457
1891.52    28.457
1892.64    28.457
1893.76    28.457
1894.88    28.457
1896    28.457
1897.12    28.457
1898.24    28.457
1899.36    28.457
1900.48    28.457
1901.6    28.457
1902.72    28.457
1903.84    28.457
1904.96    28.457
1906.08    28.457
1907.2    28.457
1908.32    28.457
1909.44    28.457
1910.56    28.457
1911.68    28.457
1912.8    28.457
1913.92    28.457
1915.04    28.457
1916.16    28.457
1917.28    28.457
1918.4    28.457
1919.52    28.457
1920.64    28.457
1921.76    28.457
1922.88    28.457
1924    28.457
1925.12    28.457
1926.24    28.457
1927.36    28.457
1928.48    28.457
1929.6    28.457
1930.72    28.457
1931.84    28.457
1932.96    28.457
1934.08    28.457
1935.2    28.457
1936.32    28.457
1937.44    28.457
1938.56    28.457
1939.68    28.457
1940.8    28.457
1941.92    28.469
1943.04    28.457
1944.16    28.457
1945.28    28.457
1946.4    28.457
1947.52    28.457
1948.64    28.457
1949.76    28.457
1950.88    28.457
1952    28.469
1953.12    28.457
1954.24    28.457
1955.36    28.457
1956.48    28.457
1957.6    28.457
1958.72    28.457
1959.84    28.457
1960.96    28.457
1962.08    28.457
1963.2    28.457
1964.32    28.457
1965.44    28.457
1966.56    28.457
1967.68    28.457
1968.8    28.457
1969.92    28.457
1971.04    28.457
1972.16    28.457
1973.28    28.457
1974.4    28.457
1975.52    28.457
1976.64    28.457
1977.76    28.457
1978.88    28.457
1980    28.465
1981.12    28.457
1982.24    28.457
1983.36    28.457
1984.48    28.457
1985.6    28.457
1986.72    28.457
1987.84    28.457
1988.96    28.457
1990.08    28.457
1991.2    28.457
1992.32    28.457
1993.44    28.457
1994.56    28.457
1995.68    28.457
1996.8    28.457
1997.92    28.457
1999.04    28.457
2000.16    28.457
2001.28    28.457
2002.4    28.457
2003.52    28.457
2004.64    28.457
2005.76    28.457
2006.88    28.457
2008    28.457
2009.12    28.457
2010.24    28.457
2011.36    28.457
2012.48    28.457
2013.6    28.457
2014.72    28.457
2015.84    28.457
2016.96    28.457
2018.08    28.457
2019.2    28.457
2020.32    28.457
2021.44    28.457
2022.56    28.457
2023.68    28.457
2024.8    28.457
2025.92    28.457
2027.04    28.457
2028.16    28.457
2029.28    28.457
2030.4    28.457
2031.52    28.457
2032.64    28.457
2033.76    28.457
2034.88    28.457
2036    28.457
2037.12    28.457
2038.24    28.457
2039.36    28.457
2040.48    28.457
2041.6    28.457
2042.72    28.457
2043.84    28.457
2044.96    28.457
2046.08    28.457
2047.2    28.457
2048.32    28.457
2049.44    28.457
2050.56    28.457
2051.68    28.457
2052.8    28.457
2053.92    28.457
2055.04    28.457
2056.16    28.457
2057.28    28.457
2058.4    28.457
2059.52    28.457
2060.64    28.457
2061.76    28.457
2062.88    28.457
2064    28.457
2065.12    28.457
2066.24    28.457
2067.36    28.457
2068.48    28.457
2069.6    28.457
2070.72    28.457
2071.84    28.457
2072.96    28.457
2074.08    28.457
2075.2    28.457
2076.32    28.457
2077.44    28.457
2078.56    28.457
2079.68    28.457
2080.8    28.457
2081.92    28.469
2083.04    28.457
2084.16    28.457
2085.28    28.457
2086.4    28.457
2087.52    28.457
2088.64    28.457
2089.76    28.457
2090.88    28.457
2092    28.469
2093.12    28.457
2094.24    28.457
2095.36    28.457
2096.48    28.457
2097.6    28.457
2098.72    28.457
2099.84    28.457
2100.96    28.457
2102.08    28.457
2103.2    28.457
2104.32    28.457
2105.44    28.457
2106.56    28.457
2107.68    28.457
2108.8    28.457
2109.92    28.457
2111.04    28.457
2112.16    28.457
2113.28    28.457
2114.4    28.457
2115.52    28.457
2116.64    28.457
2117.76    28.457
2118.88    28.457
