1000    22.343
1001.12    22.343
1002.24    22.343
1003.36    22.343
1004.48    22.343
1005.6    22.343
1006.72    22.343
1007.84    22.343
1008.96    22.343
1010.08    22.343
1011.2    22.343
1012.32    22.343
1013.44    22.343
1014.56    22.343
1015.68    22.343
1016.8    22.343
1017.92    22.343
1019.04    22.343
1020.16    22.343
1021.28    22.343
1022.4    22.343
1023.52    22.343
1024.64    22.343
1025.76    22.343
1026.88    22.343
1028    22.343
1029.12    22.343
1030.24    22.343
1031.36    22.343
1032.48    22.343
1033.6    22.343
1034.72    22.343
1035.84    22.343
1036.96    22.343
1038.08    22.343
1039.2    22.343
1040.32    22.343
1041.44    22.343
1042.56    22.343
1043.68    22.343
1044.8    22.343
1045.92    22.343
1047.04    22.343
1048.16    22.343
1049.28    22.343
1050.4    22.343
1051.52    22.343
1052.64    22.343
1053.76    22.343
1054.88    22.343
1056    22.343
1057.12    22.343
1058.24    22.343
1059.36    22.343
1060.48    22.343
1061.6    22.343
1062.72    22.343
1063.84    22.343
1064.96    22.343
1066.08    22.343
1067.2    22.343
1068.32    22.343
1069.44    22.343
1070.56    22.343
1071.68    22.343
1072.8    22.343
1073.92    22.343
1075.04    22.343
1076.16    22.343
1077.28    22.343
1078.4    22.343
1079.52    22.343
1080.64    22.343
1081.76    22.343
1082.88    22.343
1084    22.343
1085.12    22.343
1086.24    22.343
1087.36    22.343
1088.48    22.343
1089.6    22.343
1090.72    22.343
1091.84    22.343
1092.96    22.343
1094.08    22.343
1095.2    22.343
1096.32    22.343
1097.44    22.343
1098.56    22.343
1099.68    22.343
1100.8    22.343
1101.92    22.343
1103.04    22.343
1104.16    22.343
1105.28    22.343
1106.4    22.343
1107.52    22.343
1108.64    22.343
1109.76    22.343
1110.88    22.343
1112    22.343
1113.12    22.343
1114.24    22.343
1115.36    22.343
1116.48    22.343
1117.6    22.343
1118.72    22.343
1119.84    22.343
1120.96    22.343
1122.08    22.343
1123.2    22.343
1124.32    22.343
1125.44    22.343
1126.56    22.343
1127.68    22.343
1128.8    22.343
1129.92    22.343
1131.04    22.343
1132.16    22.343
1133.28    22.343
1134.4    22.343
1135.52    22.343
1136.64    22.343
1137.76    22.343
1138.88    22.343
1140    22.353
1141.12    22.343
1142.24    22.343
1143.36    22.343
1144.48    22.343
1145.6    22.343
1146.72    22.343
1147.84    22.343
1148.96    22.343
1150.08    22.343
1151.2    22.343
1152.32    22.343
1153.44    22.343
1154.56    22.343
1155.68    22.343
1156.8    22.343
1157.92    22.343
1159.04    22.343
1160.16    22.343
1161.28    22.343
1162.4    22.343
1163.52    22.343
1164.64    22.343
1165.76    22.343
1166.88    22.343
1168    22.343
1169.12    22.343
1170.24    22.343
1171.36    22.343
1172.48    22.343
1173.6    22.343
1174.72    22.343
1175.84    22.343
1176.96    22.343
1178.08    22.343
1179.2    22.343
1180.32    22.343
1181.44    22.343
1182.56    22.343
1183.68    22.343
1184.8    22.343
1185.92    22.343
1187.04    22.343
1188.16    22.343
1189.28    22.343
1190.4    22.343
1191.52    22.343
1192.64    22.343
1193.76    22.343
1194.88    22.343
1196    22.343
1197.12    22.343
1198.24    22.343
1199.36    22.343
1200.48    22.343
1201.6    22.343
1202.72    22.343
1203.84    22.343
1204.96    22.343
1206.08    22.343
1207.2    22.343
1208.32    22.343
1209.44    22.343
1210.56    22.343
1211.68    22.343
1212.8    22.343
1213.92    22.343
1215.04    22.343
1216.16    22.343
1217.28    22.343
1218.4    22.343
1219.52    22.343
1220.64    22.343
1221.76    22.343
1222.88    22.343
1224    22.343
1225.12    22.343
1226.24    22.343
1227.36    22.343
1228.48    22.343
1229.6    22.343
1230.72    22.343
1231.84    22.343
1232.96    22.343
1234.08    22.343
1235.2    22.343
1236.32    22.343
1237.44    22.343
1238.56    22.343
1239.68    22.343
1240.8    22.343
1241.92    22.343
1243.04    22.343
1244.16    22.343
1245.28    22.343
1246.4    22.343
1247.52    22.343
1248.64    22.343
1249.76    22.343
1250.88    22.343
1252    22.343
1253.12    22.343
1254.24    22.343
1255.36    22.343
1256.48    22.343
1257.6    22.343
1258.72    22.343
1259.84    22.343
1260.96    22.343
1262.08    22.343
1263.2    22.343
1264.32    22.343
1265.44    22.343
1266.56    22.343
1267.68    22.343
1268.8    22.343
1269.92    22.343
1271.04    22.343
1272.16    22.343
1273.28    22.343
1274.4    22.343
1275.52    22.343
1276.64    22.343
1277.76    22.343
1278.88    22.343
1280    22.353
1281.12    22.343
1282.24    22.343
1283.36    22.343
1284.48    22.343
1285.6    22.343
1286.72    22.343
1287.84    22.343
1288.96    22.343
1290.08    22.343
1291.2    22.343
1292.32    22.343
1293.44    22.343
1294.56    22.343
1295.68    22.343
1296.8    22.343
1297.92    22.343
1299.04    22.343
1300.16    22.343
1301.28    22.343
1302.4    22.343
1303.52    22.343
1304.64    22.343
1305.76    22.343
1306.88    22.343
1308    22.343
1309.12    22.343
1310.24    22.343
1311.36    22.343
1312.48    22.343
1313.6    22.343
1314.72    22.343
1315.84    22.343
1316.96    22.343
1318.08    22.343
1319.2    22.343
1320.32    22.343
1321.44    22.343
1322.56    22.343
1323.68    22.343
1324.8    22.343
1325.92    22.343
1327.04    22.343
1328.16    22.343
1329.28    22.343
1330.4    22.343
1331.52    22.343
1332.64    22.343
1333.76    22.343
1334.88    22.343
1336    22.343
1337.12    22.343
1338.24    22.343
1339.36    22.343
1340.48    22.343
1341.6    22.343
1342.72    22.343
1343.84    22.343
1344.96    22.343
1346.08    22.343
1347.2    22.343
1348.32    22.343
1349.44    22.343
1350.56    22.343
1351.68    22.343
1352.8    22.343
1353.92    22.343
1355.04    22.343
1356.16    22.343
1357.28    22.343
1358.4    22.343
1359.52    22.343
1360.64    22.343
1361.76    22.343
1362.88    22.343
1364    22.343
1365.12    22.343
1366.24    22.343
1367.36    22.343
1368.48    22.343
1369.6    22.343
1370.72    22.343
1371.84    22.343
1372.96    22.343
1374.08    22.343
1375.2    22.343
1376.32    22.343
1377.44    22.343
1378.56    22.343
1379.68    22.343
1380.8    22.343
1381.92    22.343
1383.04    22.343
1384.16    22.343
1385.28    22.343
1386.4    22.343
1387.52    22.343
1388.64    22.343
1389.76    22.343
1390.88    22.343
1392    22.343
1393.12    22.343
1394.24    22.343
1395.36    22.343
1396.48    22.343
1397.6    22.343
1398.72    22.343
1399.84    22.343
1400.96    22.343
1402.08    22.343
1403.2    22.343
1404.32    22.343
1405.44    22.343
1406.56    22.343
1407.68    22.343
1408.8    22.343
1409.92    22.343
1411.04    22.343
1412.16    22.343
1413.28    22.343
1414.4    22.343
1415.52    22.343
1416.64    22.343
1417.76    22.343
1418.88    22.343
1420    22.353
1421.12    22.343
1422.24    22.343
1423.36    22.343
1424.48    22.343
1425.6    22.343
1426.72    22.343
1427.84    22.343
1428.96    22.343
1430.08    22.343
1431.2    22.343
1432.32    22.343
1433.44    22.343
1434.56    22.343
1435.68    22.343
1436.8    22.343
1437.92    22.343
1439.04    22.343
1440.16    22.343
1441.28    22.343
1442.4    22.343
1443.52    22.343
1444.64    22.343
1445.76    22.343
1446.88    22.343
1448    22.343
1449.12    22.343
1450.24    22.343
1451.36    22.343
1452.48    22.343
1453.6    22.343
1454.72    22.343
1455.84    22.343
1456.96    22.343
1458.08    22.343
1459.2    22.343
1460.32    22.343
1461.44    22.343
1462.56    22.343
1463.68    22.343
1464.8    22.343
1465.92    22.343
1467.04    22.343
1468.16    22.343
1469.28    22.343
1470.4    22.343
1471.52    22.343
1472.64    22.343
1473.76    22.343
1474.88    22.343
1476    22.343
1477.12    22.343
1478.24    22.343
1479.36    22.343
1480.48    22.343
1481.6    22.343
1482.72    22.343
1483.84    22.343
1484.96    22.343
1486.08    22.343
1487.2    22.343
1488.32    22.343
1489.44    22.343
1490.56    22.343
1491.68    22.343
1492.8    22.343
1493.92    22.343
1495.04    22.343
1496.16    22.343
1497.28    22.343
1498.4    22.343
1499.52    22.343
1500.64    22.343
1501.76    22.343
1502.88    22.343
1504    22.343
1505.12    22.343
1506.24    22.343
1507.36    22.343
1508.48    22.343
1509.6    22.343
1510.72    22.343
1511.84    22.343
1512.96    22.343
1514.08    22.343
1515.2    22.343
1516.32    22.343
1517.44    22.343
1518.56    22.343
1519.68    22.343
1520.8    22.343
1521.92    22.343
1523.04    22.343
1524.16    22.343
1525.28    22.343
1526.4    22.343
1527.52    22.343
1528.64    22.343
1529.76    22.343
1530.88    22.343
1532    22.343
1533.12    22.343
1534.24    22.343
1535.36    22.343
1536.48    22.343
1537.6    22.343
1538.72    22.343
1539.84    22.343
1540.96    22.343
1542.08    22.343
1543.2    22.343
1544.32    22.343
1545.44    22.343
1546.56    22.343
1547.68    22.343
1548.8    22.343
1549.92    22.343
1551.04    22.343
1552.16    22.343
1553.28    22.343
1554.4    22.343
1555.52    22.343
1556.64    22.343
1557.76    22.343
1558.88    22.343
1560    22.353
1561.12    22.343
1562.24    22.343
1563.36    22.343
1564.48    22.343
1565.6    22.343
1566.72    22.343
1567.84    22.343
1568.96    22.343
1570.08    22.343
1571.2    22.343
1572.32    22.343
1573.44    22.343
1574.56    22.343
1575.68    22.343
1576.8    22.343
1577.92    22.343
1579.04    22.343
1580.16    22.343
1581.28    22.343
1582.4    22.343
1583.52    22.343
1584.64    22.343
1585.76    22.343
1586.88    22.343
1588    22.343
1589.12    22.343
1590.24    22.343
1591.36    22.343
1592.48    22.343
1593.6    22.343
1594.72    22.343
1595.84    22.343
1596.96    22.343
1598.08    22.343
1599.2    22.343
1600.32    22.343
1601.44    22.343
1602.56    22.343
1603.68    22.343
1604.8    22.343
1605.92    22.343
1607.04    22.343
1608.16    22.343
1609.28    22.343
1610.4    22.343
1611.52    22.343
1612.64    22.343
1613.76    22.343
1614.88    22.343
1616    22.343
1617.12    22.343
1618.24    22.343
1619.36    22.343
1620.48    22.343
1621.6    22.343
1622.72    22.343
1623.84    22.343
1624.96    22.343
1626.08    22.343
1627.2    22.343
1628.32    22.343
1629.44    22.343
1630.56    22.343
1631.68    22.343
1632.8    22.343
1633.92    22.343
1635.04    22.343
1636.16    22.343
1637.28    22.343
1638.4    22.343
1639.52    22.343
1640.64    22.343
1641.76    22.343
1642.88    22.343
1644    22.343
1645.12    22.343
1646.24    22.343
1647.36    22.343
1648.48    22.343
1649.6    22.343
1650.72    22.343
1651.84    22.343
1652.96    22.343
1654.08    22.343
1655.2    22.343
1656.32    22.343
1657.44    22.343
1658.56    22.343
1659.68    22.343
1660.8    22.343
1661.92    22.343
1663.04    22.343
1664.16    22.343
1665.28    22.343
1666.4    22.343
1667.52    22.343
1668.64    22.343
1669.76    22.343
1670.88    22.343
1672    22.343
1673.12    22.343
1674.24    22.343
1675.36    22.343
1676.48    22.343
1677.6    22.343
1678.72    22.343
1679.84    22.343
1680.96    22.343
1682.08    22.343
1683.2    22.343
1684.32    22.343
1685.44    22.343
1686.56    22.343
1687.68    22.343
1688.8    22.343
1689.92    22.343
1691.04    22.343
1692.16    22.343
1693.28    22.343
1694.4    22.343
1695.52    22.343
1696.64    22.343
1697.76    22.343
1698.88    22.343
1700    22.353
1701.12    22.343
1702.24    22.343
1703.36    22.343
1704.48    22.343
1705.6    22.343
1706.72    22.343
1707.84    22.343
1708.96    22.343
1710.08    22.343
1711.2    22.343
1712.32    22.343
1713.44    22.343
1714.56    22.343
1715.68    22.343
1716.8    22.343
1717.92    22.343
1719.04    22.343
1720.16    22.343
1721.28    22.343
1722.4    22.343
1723.52    22.343
1724.64    22.343
1725.76    22.343
1726.88    22.343
1728    22.343
1729.12    22.343
1730.24    22.343
1731.36    22.343
1732.48    22.343
1733.6    22.343
1734.72    22.343
1735.84    22.343
1736.96    22.343
1738.08    22.343
1739.2    22.343
1740.32    22.343
1741.44    22.343
1742.56    22.343
1743.68    22.343
1744.8    22.343
1745.92    22.343
1747.04    22.343
1748.16    22.343
1749.28    22.343
1750.4    22.343
1751.52    22.343
1752.64    22.343
1753.76    22.343
1754.88    22.343
1756    22.343
1757.12    22.343
1758.24    22.343
1759.36    22.343
1760.48    22.343
1761.6    22.343
1762.72    22.343
1763.84    22.343
1764.96    22.343
1766.08    22.343
1767.2    22.343
1768.32    22.343
1769.44    22.343
1770.56    22.343
1771.68    22.343
1772.8    22.343
1773.92    22.343
1775.04    22.343
1776.16    22.343
1777.28    22.343
1778.4    22.343
1779.52    22.343
1780.64    22.343
1781.76    22.343
1782.88    22.343
1784    22.343
1785.12    22.343
1786.24    22.343
1787.36    22.343
1788.48    22.343
1789.6    22.343
1790.72    22.343
1791.84    22.343
1792.96    22.343
1794.08    22.343
1795.2    22.343
1796.32    22.343
1797.44    22.343
1798.56    22.343
1799.68    22.343
1800.8    22.343
1801.92    22.343
1803.04    22.343
1804.16    22.343
1805.28    22.343
1806.4    22.343
1807.52    22.343
1808.64    22.343
1809.76    22.343
1810.88    22.343
1812    22.343
1813.12    22.343
1814.24    22.343
1815.36    22.343
1816.48    22.343
1817.6    22.343
1818.72    22.343
1819.84    22.343
1820.96    22.343
1822.08    22.343
1823.2    22.343
1824.32    22.343
1825.44    22.343
1826.56    22.343
1827.68    22.343
1828.8    22.343
1829.92    22.343
1831.04    22.343
1832.16    22.343
1833.28    22.343
1834.4    22.343
1835.52    22.343
1836.64    22.343
1837.76    22.343
1838.88    22.343
1840    22.353
1841.12    22.343
1842.24    22.343
1843.36    22.343
1844.48    22.343
1845.6    22.343
1846.72    22.343
1847.84    22.343
1848.96    22.343
1850.08    22.343
1851.2    22.343
1852.32    22.343
1853.44    22.343
1854.56    22.343
1855.68    22.343
1856.8    22.343
1857.92    22.343
1859.04    22.343
1860.16    22.343
1861.28    22.343
1862.4    22.343
1863.52    22.343
1864.64    22.343
1865.76    22.343
1866.88    22.343
1868    22.343
1869.12    22.343
1870.24    22.343
1871.36    22.343
1872.48    22.343
1873.6    22.343
1874.72    22.343
1875.84    22.343
1876.96    22.343
1878.08    22.343
1879.2    22.343
1880.32    22.343
1881.44    22.343
1882.56    22.343
1883.68    22.343
1884.8    22.343
1885.92    22.343
1887.04    22.343
1888.16    22.343
1889.28    22.343
1890.4    22.343
1891.52    22.343
1892.64    22.343
1893.76    22.343
1894.88    22.343
1896    22.343
1897.12    22.343
1898.24    22.343
1899.36    22.343
1900.48    22.343
1901.6    22.343
1902.72    22.343
1903.84    22.343
1904.96    22.343
1906.08    22.343
1907.2    22.343
1908.32    22.343
1909.44    22.343
1910.56    22.343
1911.68    22.343
1912.8    22.343
1913.92    22.343
1915.04    22.343
1916.16    22.343
1917.28    22.343
1918.4    22.343
1919.52    22.343
1920.64    22.343
1921.76    22.343
1922.88    22.343
1924    22.343
1925.12    22.343
1926.24    22.343
1927.36    22.343
1928.48    22.343
1929.6    22.343
1930.72    22.343
1931.84    22.343
1932.96    22.343
1934.08    22.343
1935.2    22.343
1936.32    22.343
1937.44    22.343
1938.56    22.343
1939.68    22.343
1940.8    22.343
1941.92    22.343
1943.04    22.343
1944.16    22.343
1945.28    22.343
1946.4    22.343
1947.52    22.343
1948.64    22.343
1949.76    22.343
1950.88    22.343
1952    22.343
1953.12    22.343
1954.24    22.343
1955.36    22.343
1956.48    22.343
1957.6    22.343
1958.72    22.343
1959.84    22.343
1960.96    22.343
1962.08    22.343
1963.2    22.343
1964.32    22.343
1965.44    22.343
1966.56    22.343
1967.68    22.343
1968.8    22.343
1969.92    22.343
1971.04    22.343
1972.16    22.343
1973.28    22.343
1974.4    22.343
1975.52    22.343
1976.64    22.343
1977.76    22.343
1978.88    22.343
1980    22.353
1981.12    22.343
1982.24    22.343
1983.36    22.343
1984.48    22.343
1985.6    22.343
1986.72    22.343
1987.84    22.343
1988.96    22.343
1990.08    22.343
1991.2    22.343
1992.32    22.343
1993.44    22.343
1994.56    22.343
1995.68    22.343
1996.8    22.343
1997.92    22.343
1999.04    22.343
2000.16    22.343
2001.28    22.343
2002.4    22.343
2003.52    22.343
2004.64    22.343
2005.76    22.343
2006.88    22.343
2008    22.343
2009.12    22.343
2010.24    22.343
2011.36    22.343
2012.48    22.343
2013.6    22.343
2014.72    22.343
2015.84    22.343
2016.96    22.343
2018.08    22.343
2019.2    22.343
2020.32    22.343
2021.44    22.343
2022.56    22.343
2023.68    22.343
2024.8    22.343
2025.92    22.343
2027.04    22.343
2028.16    22.343
2029.28    22.343
2030.4    22.343
2031.52    22.343
2032.64    22.343
2033.76    22.343
2034.88    22.343
2036    22.343
2037.12    22.343
2038.24    22.343
2039.36    22.343
2040.48    22.343
2041.6    22.343
2042.72    22.343
2043.84    22.343
2044.96    22.343
2046.08    22.343
2047.2    22.343
2048.32    22.343
2049.44    22.343
2050.56    22.343
2051.68    22.343
2052.8    22.343
2053.92    22.343
2055.04    22.343
2056.16    22.343
2057.28    22.343
2058.4    22.343
2059.52    22.343
2060.64    22.343
2061.76    22.343
2062.88    22.343
2064    22.343
2065.12    22.343
2066.24    22.343
2067.36    22.343
2068.48    22.343
2069.6    22.343
2070.72    22.343
2071.84    22.343
2072.96    22.343
2074.08    22.343
2075.2    22.343
2076.32    22.343
2077.44    22.343
2078.56    22.343
2079.68    22.343
2080.8    22.343
2081.92    22.343
2083.04    22.343
2084.16    22.343
2085.28    22.343
2086.4    22.343
2087.52    22.343
2088.64    22.343
2089.76    22.343
2090.88    22.343
2092    22.343
2093.12    22.343
2094.24    22.343
2095.36    22.343
2096.48    22.343
2097.6    22.343
2098.72    22.343
2099.84    22.343
2100.96    22.343
2102.08    22.343
2103.2    22.343
2104.32    22.343
2105.44    22.343
2106.56    22.343
2107.68    22.343
2108.8    22.343
2109.92    22.343
2111.04    22.343
2112.16    22.343
2113.28    22.343
2114.4    22.343
2115.52    22.343
2116.64    22.343
2117.76    22.343
2118.88    22.343
