1004.48    8.457
1007.84    8.343
1010.08    8.343
1005.6    13.457
1003.36    17.457
1013.44    7.492
1014.56    7.457
1002.24    20.8
1016.8    6.367
1017.92    7.457
1008.96    17.457
1019.04    7.492
1000    26.915
1011.2    16.686
1021.28    7.457
1022.4    7.457
1001.12    31.915
1015.68    19.686
1006.72    30.8
1024.64    13.343
1032.48    6.343
1025.76    14.572
1036.96    6.343
1026.88    17.457
1028    17.457
1040.32    6.343
1039.2    8.457
1020.16    27.8
1033.6    14.475
1035.84    14.457
1034.72    17.457
1023.52    28.915
1044.8    8.457
1029.12    24.8
1045.92    8.457
1041.44    13.343
1038.08    17.469
1048.16    8.343
1049.28    8.457
1051.52    6.343
1030.24    27.8
1043.68    14.475
1042.56    20.8
1057.12    7.457
1050.4    14.572
1059.36    8.457
1061.6    6.343
1067.2    6.343
1047.04    26.8
1060.48    14.457
1052.64    22.915
1056    20.8
1070.56    6.355
1062.72    14.457
1075.04    7.457
1064.96    17.652
1066.08    16.686
1069.44    13.44
1076.16    8.457
1058.24    26.686
1054.88    30.8
1073.92    13.457
1071.68    17.457
1068.32    21.915
1063.84    27.8
1078.4    14.572
1086.24    8.343
1081.76    13.457
1087.36    8.343
1088.48    7.457
1082.88    13.343
1072.8    23.8
1090.72    6.343
1080.64    17.457
1085.12    13.457
1091.84    7.457
1095.2    8.343
1098.56    6.343
1092.96    13.457
1100.8    6.343
1079.52    27.915
1094.08    14.457
1077.28    31.915
1089.6    20.8
1104.16    7.457
1084    30.8
1108.64    6.343
1101.92    13.343
1096.32    20.8
1097.44    20.8
1113.12    6.343
1107.52    13.343
1114.24    7.457
1105.28    17.457
1115.36    8.343
1116.48    7.457
1106.4    19.686
1118.72    7.48
1110.88    17.457
1112    17.457
1122.08    8.457
1124.32    8.343
1126.56    7.457
1129.92    6.343
1109.76    26.686
1131.04    6.343
1123.2    14.572
1120.96    17.457
1136.64    7.457
1137.76    6.452
1117.6    26.8
1138.88    6.343
1132.16    13.457
1128.8    17.572
1133.28    13.343
1134.4    13.343
1141.12    7.457
1135.52    14.457
1144.48    7.457
1147.84    6.343
1146.72    8.343
1125.44    30.8
1143.36    13.343
1154.56    6.343
1155.68    6.343
1145.6    17.572
1150.08    14.457
1157.92    8.457
1153.44    13.343
1152.32    14.577
1140    27.816
1162.4    6.343
1151.2    17.657
1163.52    8.343
1159.04    13.457
1166.88    6.343
1165.76    8.457
1168    8.343
1156.8    19.686
1170.24    8.457
1160.16    19.686
1173.6    6.36
1174.72    6.343
1176.96    6.343
1175.84    8.343
1178.08    8.457
1161.28    27.915
1172.48    17.457
1185.92    6.343
1164.64    28.915
1181.44    13.343
1169.12    25.8
1171.36    23.686
1182.56    14.457
1183.68    13.457
1184.8    14.572
1191.52    8.343
1187.04    13.343
1188.16    13.343
1179.2    22.686
1193.76    8.457
1189.28    13.343
1197.12    7.457
1180.32    24.8
1190.4    20.8
1204.96    6.355
1198.24    13.343
1199.36    13.343
1194.88    21.915
1209.44    7.469
1203.84    13.343
1200.48    17.572
1196    22.686
1206.08    13.343
1192.64    29.915
1215.04    8.343
1201.6    23.686
1219.52    8.457
1207.2    21.915
1222.88    6.349
1217.28    13.343
1211.68    19.686
1224    7.48
1218.4    13.343
1212.8    20.8
1208.32    26.686
1229.6    8.343
1216.16    21.897
1230.72    8.457
1227.36    17.457
1213.92    31.012
1232.96    13.343
1221.76    24.8
1238.56    8.343
1226.24    20.8
1220.64    26.686
1225.12    22.915
1235.2    13.457
1231.84    17.457
1243.04    8.343
1244.16    8.457
1245.28    7.457
1239.68    13.469
1234.08    21.686
1250.88    8.343
1228.48    30.8
1237.44    23.686
1258.72    6.343
1247.52    17.657
1259.84    6.343
1248.64    17.657
1252    14.572
1236.32    31.915
1255.36    13.343
1263.2    6.343
1262.08    8.343
1254.24    18.8
1256.48    17.457
1267.68    6.372
1260.96    13.457
1268.8    6.343
1257.6    17.657
1246.4    30.8
1269.92    7.457
1265.44    13.457
1273.28    8.457
1264.32    17.457
1274.4    8.343
1253.12    30.8
1276.64    7.457
1272.16    13.343
1277.76    8.457
1280    8.473
1271.04    17.457
1275.52    14.572
1284.48    6.343
1283.36    8.343
1285.6    7.457
1286.72    7.457
1281.12    13.343
1282.24    13.343
1266.56    31.915
1294.56    6.343
1278.88    22.8
1287.84    17.457
1292.32    13.457
1299.04    7.457
1293.44    13.355
1291.2    17.457
1288.96    21.686
1309.12    6.343
1301.28    14.457
1302.4    13.452
1290.08    26.686
1304.64    13.457
1310.24    8.457
1311.36    7.457
1297.92    22.686
1306.88    14.457
1308    13.452
1315.84    7.457
1295.68    28.915
1318.08    8.457
1319.2    7.457
1296.8    30.909
1322.56    7.457
1303.52    26.686
1316.96    13.457
1300.16    30.8
1314.72    17.457
1320.32    13.457
1325.92    8.36
1330.4    6.343
1323.68    14.457
1332.64    6.343
1312.48    26.686
1333.76    6.343
1324.8    19.686
1337.12    7.48
1327.04    17.675
1313.6    31.915
1329.28    17.572
1336    13.457
1344.96    6.343
1340.48    14.457
1341.6    14.457
1348.32    8.343
1328.16    29.143
1334.88    23.8
1350.56    8.457
1352.8    6.343
1351.68    8.457
1347.2    13.343
1338.24    22.686
1331.52    30.8
1346.08    17.572
1356.16    8.343
1339.36    27.8
1343.84    23.686
1359.52    8.343
1342.72    25.8
1353.92    17.457
1365.12    6.372
1358.4    13.343
1366.24    7.457
1357.28    17.572
1369.6    6.343
1349.44    27.8
1361.76    17.457
1371.84    8.343
1374.08    6.343
1360.64    20.8
1367.36    14.457
1375.2    7.457
1355.04    27.8
1362.88    22.686
1378.56    7.457
1368.48    17.652
1372.96    13.343
1370.72    17.457
1380.8    7.492
1364    27.8
1377.44    17.475
1387.52    8.343
1381.92    14.457
1383.04    13.452
1390.88    7.457
1384.16    14.457
1386.4    13.343
1393.12    7.457
1385.28    17.457
1395.36    7.492
1396.48    6.486
1389.76    13.343
1376.32    26.909
1388.64    17.457
1398.72    7.492
1394.24    13.343
1392    17.457
1379.68    30.8
1405.44    7.457
1406.56    7.457
1397.6    16.686
1402.08    13.457
1403.2    13.343
1409.92    7.457
1400.96    17.457
1412.16    8.457
1414.4    7.457
1415.52    8.343
1416.64    7.457
1404.32    20.8
1399.84    26.686
1407.68    19.686
1423.36    7.457
1418.88    13.457
1426.72    8.457
1427.84    8.457
1428.96    8.457
1420    17.473
1424.48    13.457
1413.28    24.8
1417.76    20.8
1411.04    27.915
1431.2    8.457
1421.12    19.686
1433.44    8.343
1422.24    20.8
1432.32    13.457
1425.6    21.686
1430.08    17.572
1434.56    14.457
1435.68    14.457
1444.64    7.457
1445.76    6.452
1439.04    14.457
1436.8    20.8
1451.36    7.457
1452.48    7.457
1440.16    20.8
1441.28    19.795
1442.4    19.686
1443.52    20.8
1437.92    26.915
1454.72    14.457
1463.68    6.343
1460.32    13.343
1456.96    17.457
1461.44    13.343
1453.6    21.915
1448    27.8
1449.12    27.8
1450.24    26.8
1455.84    21.686
1458.08    19.715
1464.8    13.457
1465.92    13.343
1459.2    20.8
1472.64    8.343
1473.76    7.457
1474.88    6.452
1470.4    13.343
1476    8.457
1467.04    17.457
1477.12    8.343
1468.16    17.457
1481.6    6.343
1480.48    8.457
1483.84    8.343
1484.96    7.457
1478.24    14.457
1462.56    30.8
1479.36    17.457
1489.44    7.492
1469.28    27.8
1491.68    8.457
1487.2    13.343
1482.72    20.8
1486.08    19.686
1488.32    17.56
1499.52    7.457
1490.56    17.572
1500.64    8.343
1496.16    14.572
1505.12    6.343
1504    8.343
1495.04    17.457
1498.4    14.457
1508.48    6.343
1501.76    13.457
1509.6    6.343
1492.8    23.686
1502.88    14.457
1497.28    21.686
1510.72    8.36
1512.96    6.343
1493.92    26.686
1514.08    7.457
1515.2    7.457
1517.44    8.457
1506.24    19.686
1518.56    7.48
1507.36    20.8
1511.84    17.572
1523.04    7.457
1525.28    6.343
1520.8    13.343
1529.76    6.343
1521.92    17.457
1519.68    21.915
1527.52    14.457
1528.64    13.457
1530.88    13.343
1536.48    8.457
1539.84    6.343
1532    14.457
1516.32    30.8
1526.4    20.835
1540.96    8.457
1534.24    16.686
1524.16    26.88
1535.36    17.457
1542.08    13.457
1548.8    7.457
1543.2    14.572
1545.44    14.457
1538.72    21.686
1546.56    14.457
1553.28    8.343
1547.68    14.457
1533.12    29.132
1537.6    27.8
1552.16    13.36
1557.76    8.457
1544.32    22.686
1554.4    13.457
1555.52    14.572
1549.92    20.8
1564.48    6.355
1567.84    6.343
1561.12    13.343
1556.64    19.686
1570.08    6.376
1563.36    13.343
1571.2    7.457
1566.72    14.457
1574.56    7.457
1575.68    6.452
1568.96    14.572
1579.04    6.343
1562.24    23.686
1565.6    20.8
1560    26.702
1558.88    28.915
1583.52    7.457
1586.88    8.343
1582.4    13.343
1577.92    19.686
1580.16    17.56
1576.8    24.8
1594.72    7.457
1588    14.457
1573.44    30.801
1584.64    19.716
1601.44    6.343
1581.28    26.686
1600.32    8.457
1603.68    6.343
1596.96    13.457
1599.2    13.343
1590.24    22.686
1604.8    8.343
1607.04    7.457
1593.6    21.8
1585.76    30.8
1609.28    7.457
1595.84    21.915
1589.12    30.8
1613.76    6.343
1591.36    28.915
1598.08    23.686
1610.4    13.457
1602.56    21.8
1592.48    31.915
1611.52    13.343
1614.88    13.343
1621.6    7.457
1623.84    6.343
1617.12    13.457
1624.96    6.343
1612.64    19.686
1605.92    26.686
1616    17.572
1608.16    27.8
1628.32    8.343
1632.8    7.457
1618.24    23.8
1622.72    19.686
1626.08    17.457
1636.16    7.492
1637.28    7.457
1627.2    17.652
1631.68    13.343
1630.56    17.8
1619.36    30.8
1644    6.343
1620.48    30.8
1633.92    17.475
1645.12    7.457
1640.64    14.457
1641.76    13.457
1649.6    8.457
1639.52    18.686
1635.04    23.686
1646.24    13.457
1629.44    31.915
1654.08    8.457
1655.2    8.343
1658.56    7.457
1651.84    14.572
1659.68    8.343
1656.32    13.343
1661.92    8.457
1663.04    7.457
1642.88    27.8
1650.72    22.8
1667.52    6.343
1657.44    17.457
1648.48    27.915
1668.64    8.457
1660.8    16.686
1670.88    7.457
1647.36    31.915
1674.24    6.343
1665.28    17.572
1669.76    13.343
1666.4    17.457
1677.6    6.372
1675.36    13.457
1676.48    13.457
1684.32    6.343
1678.72    13.457
1664.16    30.8
1687.68    8.457
1683.2    13.457
1679.84    17.457
1682.08    17.457
1694.4    6.343
1673.12    27.8
1686.56    14.572
1685.44    17.457
1696.64    7.457
1691.04    14.457
1688.8    17.572
1693.28    13.457
1698.88    8.343
1680.96    26.686
1695.52    14.457
1697.76    13.457
1689.92    22.915
1704.48    8.457
1707.84    7.457
1701.12    14.572
1708.96    7.457
1710.08    8.343
1692.16    26.8
1702.24    17.457
1700    21.816
1716.8    7.457
1711.2    13.457
1719.04    7.457
1712.32    14.572
1703.36    23.8
1720.16    7.457
1713.44    14.457
1705.6    23.686
1721.28    8.343
1714.56    17.457
1725.76    6.372
1706.72    26.915
1735.84    6.343
1724.64    17.657
1729.12    13.343
1723.52    19.686
1736.96    6.36
1715.68    27.8
1717.92    26.8
1722.4    22.8
1731.36    14.572
1732.48    14.457
1730.24    19.686
1744.8    6.343
1726.88    24.8
1738.08    17.457
1749.28    6.372
1741.44    14.457
1728    28.012
1739.2    17.457
1734.72    23.8
1742.56    17.457
1748.16    13.343
1733.6    28.017
1754.88    8.457
1757.12    6.343
1750.4    13.343
1747.04    17.457
1743.68    21.8
1758.24    7.457
1759.36    8.457
1745.92    22.915
1762.72    6.343
1764.96    6.343
1753.76    19.686
1751.52    22.715
1767.2    8.343
1768.32    7.457
1769.44    6.452
1752.64    23.8
1760.48    16.686
1771.68    6.343
1763.84    17.457
1773.92    7.492
1776.16    6.343
1756    26.8
1766.08    19.686
1770.56    17.457
1785.12    6.343
1772.8    18.686
1761.6    31.915
1787.36    6.343
1779.52    14.457
1782.88    13.343
1790.72    8.457
1777.28    22.915
1795.2    7.457
1775.04    30.8
1797.44    8.457
1788.48    17.475
1798.56    8.343
1799.68    7.457
1789.6    17.652
1801.92    6.343
1780.64    27.8
1794.08    14.572
1796.32    13.457
1803.04    7.457
1784    26.686
1804.16    8.343
1781.76    30.8
1805.28    7.457
1806.4    8.457
1807.52    8.343
1809.76    6.343
1800.8    17.572
1791.84    27.8
1813.12    8.457
1808.64    14.457
1816.48    7.457
1819.84    6.343
1810.88    17.572
1815.36    13.343
1812    17.457
1825.44    7.457
1818.72    14.457
1820.96    13.457
1817.6    17.572
1827.68    8.457
1814.24    22.686
1828.8    8.343
1824.32    13.457
1826.56    13.343
1836.64    6.343
1832.16    16.686
1834.4    14.572
1841.12    8.343
1823.2    26.8
1833.28    17.572
1837.76    13.457
1840    13.473
1846.72    7.457
1842.24    13.457
1829.92    26.8
1850.08    7.457
1851.2    6.452
1838.88    19.686
1854.56    6.343
1835.52    26.8
1847.84    14.595
1856.8    7.457
1845.6    19.686
1844.48    21.686
1848.96    17.572
1860.16    7.457
1852.32    17.572
1843.36    26.686
1857.92    13.36
1859.04    13.343
1864.64    8.343
1865.76    7.457
1855.68    19.686
1868    7.48
1861.28    14.457
1862.4    13.452
1863.52    13.343
1871.36    6.343
1874.72    7.457
1876.96    6.343
1872.48    14.457
1880.32    8.343
1882.56    6.343
1875.84    13.457
1883.68    8.475
1884.8    8.457
1879.2    14.457
1889.28    7.457
1870.24    26.8
1878.08    19.686
1891.52    7.457
1873.6    30.8
1898.24    6.343
1887.04    17.657
1900.48    6.343
1899.36    8.343
1881.44    26.8
1894.88    13.475
1902.72    7.457
1903.84    7.457
1893.76    17.652
1904.96    7.457
1906.08    6.452
1896    16.686
1907.2    6.343
1897.12    17.457
1909.44    6.343
1890.4    25.8
1888.16    30.8
1901.6    18.8
1913.92    7.457
1908.32    13.343
1915.04    7.457
1916.16    7.457
1910.56    17.457
1918.4    13.343
1925.12    7.457
1922.88    13.343
1917.28    22.915
1912.8    27.8
1936.32    6.343
1928.48    14.457
1921.76    21.686
1911.68    31.915
1935.2    8.457
1929.6    14.457
1938.56    6.343
1934.08    13.457
1941.92    8.343
1932.96    17.457
1944.16    8.475
1924    28.915
1946.4    7.457
1947.52    7.457
1926.24    28.915
1940.8    14.584
1930.72    26.8
1949.76    8.343
1927.36    30.909
1948.64    13.343
1939.68    23.686
1955.36    8.343
1937.44    26.686
1950.88    13.457
1945.28    19.686
1957.6    8.457
1952    14.457
1954.24    13.457
1960.96    7.457
1962.08    7.457
1956.48    13.343
1958.72    14.457
1968.8    7.457
1953.12    24.8
1969.92    8.457
1965.44    13.343
1971.04    8.457
1975.52    8.343
1963.2    20.8
1959.84    26.686
1973.28    13.457
1966.56    20.8
1981.12    8.343
1982.24    7.457
1976.64    13.343
1964.32    26.686
1986.72    6.343
1980    13.358
1972.16    21.686
1974.4    20.8
1967.68    29.029
1984.48    13.457
1990.08    8.343
1977.76    20.8
1978.88    21.8
1994.56    6.343
1983.36    19.686
1992.32    13.457
1993.44    13.343
1991.2    17.457
1985.6    23.8
1996.8    13.457
1988.96    22.686
2003.52    8.343
1999.04    14.457
2006.88    7.457
1995.68    19.686
1987.84    27.8
2010.24    6.343
2000.16    17.457
2001.28    17.475
2008    13.457
2002.4    20.8
2016.96    6.355
2011.36    17.457
2021.44    8.343
2013.6    18.8
2018.08    14.457
2015.84    17.457
2012.48    21.686
2022.56    13.457
2005.76    30.8
2019.2    17.475
2029.28    7.509
2030.4    6.504
2025.92    13.36
2031.52    8.457
2020.32    19.715
2034.88    6.343
2023.68    17.657
2028.16    13.457
2024.8    17.457
2014.72    27.915
2027.04    17.457
2032.64    13.457
2039.36    7.457
2041.6    6.343
2043.84    6.343
2033.76    19.686
2036    17.572
2037.12    17.457
2048.32    6.372
2040.48    14.572
2038.24    17.457
2042.72    13.343
2050.56    7.457
2046.08    14.457
2047.2    13.452
2049.44    13.343
2056.16    7.457
2044.96    19.686
2059.52    6.343
2051.68    17.457
2061.76    8.343
2052.8    17.457
2057.28    13.343
2064    7.457
2066.24    6.343
2068.48    6.343
2060.64    14.457
2062.88    13.343
2055.04    22.686
2071.84    7.457
2053.92    26.8
2058.4    22.686
2072.96    8.343
2067.36    14.572
2076.32    6.343
2078.56    6.343
2070.72    14.457
2069.6    17.457
2080.8    7.457
2065.12    26.915
2085.28    8.457
2074.08    23.686
2089.76    8.457
2075.2    27.8
2083.04    21.915
2077.44    27.8
2086.4    19.686
2098.72    7.48
2079.68    27.8
2081.92    27.915
2103.2    7.457
2097.6    13.343
2087.52    23.686
2100.96    13.343
2084.16    30.8
2095.36    19.715
2088.64    26.686
2099.84    17.572
2104.32    14.457
2090.88    28.023
2102.08    17.457
2092    27.8
2105.44    14.475
2094.24    30.029
2111.04    13.457
2096.48    30.8
2108.8    21.8
2113.28    17.457
2116.64    17.572
2107.68    29.029
2109.92    27.8
2112.16    27.915
2114.4    29.029
2115.52    28.915
2117.76    30.8
