1000    24.686
1001.12    24.686
1011.2    23.572
1005.6    29.686
1006.72    29.686
1012.32    24.686
1007.84    29.686
1013.44    24.686
1010.08    29.686
1017.92    23.572
1020.16    23.572
1021.28    24.686
1022.4    23.572
1016.8    29.686
1025.76    23.572
1014.56    34.886
1015.68    34.8
1028    23.572
1023.52    29.686
1019.04    34.8
1036.96    23.572
1031.36    29.686
1033.6    29.686
1040.32    23.572
1041.44    23.572
1032.48    34.8
1038.08    29.686
1039.2    29.686
1034.72    34.8
1035.84    34.8
1048.16    24.686
1052.64    23.572
1047.04    29.686
1054.88    24.686
1050.4    29.686
1045.92    34.8
1049.28    34.8
1061.6    24.686
1056    34.8
1062.72    29.686
1070.56    23.572
1059.36    34.886
1064.96    29.686
1066.08    29.686
1071.68    24.686
1067.2    29.686
1072.8    24.686
1076.16    23.572
1078.4    23.572
1068.32    34.8
1073.92    29.686
1079.52    29.686
1075.04    34.8
1085.12    29.686
1090.72    24.686
1082.88    34.8
1084    34.8
1096.32    23.572
1099.68    24.686
1103.04    23.572
1097.44    29.686
1092.96    34.8
1106.4    24.686
1104.16    29.686
1105.28    29.686
1110.88    24.686
1112    23.581
1100.8    34.895
1113.12    24.686
1108.64    29.686
1107.52    34.8
1120.96    23.572
1115.36    29.686
1116.48    34.8
1129.92    24.686
1119.84    34.8
1133.28    24.686
1126.56    34.8
1127.68    34.8
1128.8    34.8
1131.04    34.8
1137.76    29.686
1145.6    24.686
1146.72    23.572
1141.12    29.686
1150.08    23.572
1138.88    34.886
1140    34.808
1152.32    24.686
1143.36    34.8
1148.96    29.686
1154.56    24.686
1153.44    29.686
1162.4    24.686
1164.64    24.686
1155.68    34.8
1161.28    29.686
1157.92    34.8
1163.52    29.686
1169.12    24.686
1160.16    34.8
1166.88    34.8
1170.24    34.8
1182.56    23.572
1171.36    34.886
1178.08    29.686
1179.2    29.686
1174.72    34.8
1180.32    29.686
1175.84    34.8
1188.16    23.572
1176.96    34.886
1181.44    34.8
1189.28    29.686
1184.8    34.8
1185.92    34.8
1191.52    29.686
1198.24    24.686
1199.36    24.686
1194.88    29.686
1190.4    34.8
1196    34.8
1201.6    29.686
1197.12    34.8
1208.32    24.686
1209.44    23.572
1202.72    34.8
1213.92    24.686
1204.96    34.8
1206.08    34.8
1220.64    23.572
1210.56    34.8
1221.76    24.686
1217.28    29.686
1212.8    34.8
1219.52    29.686
1225.12    24.686
1215.04    34.8
1222.88    29.686
1228.48    34.8
1234.08    29.686
1230.72    34.8
1231.84    34.8
1244.16    23.572
1232.96    34.886
1246.4    23.572
1247.52    23.572
1236.32    34.886
1248.64    23.572
1237.44    34.886
1238.56    34.8
1249.76    29.686
1252    29.695
1258.72    23.572
1260.96    24.686
1263.2    24.686
1253.12    34.8
1254.24    34.8
1255.36    34.8
1256.48    34.8
1268.8    23.572
1269.92    24.686
1259.84    34.8
1267.68    29.686
1273.28    24.686
1264.32    34.8
1266.56    34.8
1272.16    34.8
1277.76    29.686
1278.88    29.686
1285.6    23.572
1274.4    34.886
1282.24    34.8
1284.48    34.886
1290.08    29.686
1295.68    24.686
1286.72    34.8
1292.32    29.686
1293.44    29.686
1288.96    34.8
1291.2    34.8
1296.8    29.686
1299.04    34.8
1305.76    29.686
1302.4    34.8
1303.52    34.8
1304.64    34.8
1312.48    29.795
1313.6    29.686
1309.12    34.8
1315.84    29.686
1316.96    29.686
1324.8    23.572
1319.2    29.686
1327.04    24.686
1328.16    23.572
1318.08    34.8
1323.68    29.686
1325.92    29.686
1321.44    34.8
1333.76    24.686
1334.88    24.686
1337.12    29.686
1332.64    34.8
1338.24    29.686
1346.08    24.686
1348.32    24.686
1343.84    29.686
1340.48    34.8
1352.8    24.686
1344.96    34.8
1347.2    34.8
1355.04    29.686
1360.64    24.686
1361.76    23.572
1367.36    24.686
1368.48    24.686
1358.4    34.8
1371.84    24.686
1372.96    23.572
1362.88    34.8
1364    34.8
1369.6    29.686
1375.2    24.686
1376.32    24.686
1378.56    24.686
1374.08    34.8
1379.68    29.686
1380.8    29.686
1377.44    34.8
1389.76    24.686
1390.88    24.686
1386.4    29.686
1387.52    29.686
1383.04    34.8
1385.28    34.8
1396.48    24.686
1398.72    24.686
1399.84    23.572
1388.64    34.886
1397.6    29.686
1403.2    24.686
1407.68    23.572
1402.08    29.686
1405.44    29.686
1400.96    34.8
1404.32    34.886
1415.52    24.686
1414.4    29.686
1422.24    23.572
1418.88    29.686
1420    29.694
1425.6    24.686
1417.76    34.8
1423.36    29.686
1441.28    23.572
1430.08    34.886
1442.4    23.572
1431.2    34.886
1443.52    24.686
1433.44    34.8
1439.04    29.686
1436.8    34.8
1444.64    29.686
1440.16    34.8
1446.88    29.686
1449.12    29.686
1445.76    34.8
1458.08    23.572
1452.48    29.686
1459.2    24.686
1454.72    29.686
1456.96    29.686
1462.56    24.686
1464.8    23.572
1461.44    34.8
1468.16    29.686
1474.88    23.572
1463.68    34.886
1477.12    23.572
1465.92    34.886
1469.28    34.8
1470.4    34.8
1471.52    34.8
1480.48    29.686
1478.24    34.8
1492.8    23.572
1481.6    34.886
1482.72    34.8
1495.04    23.572
1483.84    34.886
1489.44    29.686
1486.08    34.8
1487.2    34.8
1488.32    34.8
1502.88    24.686
1493.92    34.8
1499.52    29.686
1506.24    24.686
1496.16    34.8
1497.28    34.8
1504    29.686
1510.72    23.572
1500.64    34.8
1507.36    29.686
1509.6    29.686
1515.2    24.686
1511.84    29.686
1518.56    23.572
1512.96    29.686
1508.48    34.8
1521.92    24.695
1525.28    23.572
1514.08    34.886
1520.8    29.686
1526.4    24.686
1519.68    34.8
1523.04    34.8
1524.16    34.8
1538.72    24.686
1539.84    24.686
1535.36    29.686
1533.12    34.8
1534.24    34.8
1536.48    34.8
1540.96    34.8
1553.28    24.686
1543.2    34.886
1554.4    24.686
1555.52    24.686
1551.04    29.686
1547.68    34.8
1560    24.694
1549.92    34.8
1556.64    29.686
1552.16    34.8
1566.72    23.572
1561.12    29.686
1562.24    29.686
1558.88    34.8
1575.68    23.572
1576.8    24.686
1567.84    34.8
1568.96    34.8
1571.2    34.8
1582.4    24.686
1573.44    34.8
1579.04    34.8
1580.16    34.8
1592.48    23.572
1586.88    29.686
1589.12    29.686
1594.72    24.686
1595.84    23.572
1584.64    34.886
1590.24    29.686
1585.76    34.8
1598.08    23.572
1588    34.8
1593.6    29.686
1601.44    24.686
1591.36    34.8
1596.96    29.686
1607.04    24.686
1608.16    24.686
1603.68    29.686
1609.28    24.686
1599.2    34.8
1600.32    34.8
1605.92    29.686
1612.64    23.572
1618.24    23.572
1619.36    23.572
1613.76    29.686
1616    29.686
1622.72    23.572
1624.96    24.686
1626.08    23.572
1614.88    34.886
1621.6    29.686
1628.32    23.572
1617.12    34.886
1623.84    29.686
1629.44    29.686
1637.28    24.686
1638.4    24.686
1639.52    23.572
1631.68    34.804
1645.12    23.572
1646.24    23.572
1651.84    24.686
1647.36    29.686
1648.48    29.686
1644    34.8
1657.44    23.572
1652.96    29.686
1659.68    23.572
1649.6    34.8
1664.16    23.572
1658.56    29.686
1665.28    24.686
1666.4    23.572
1655.2    34.886
1661.92    29.695
1668.64    24.686
1660.8    34.8
1667.52    29.686
1663.04    34.8
1670.88    29.686
1669.76    34.8
1684.32    24.686
1674.24    34.886
1685.44    24.686
1675.36    34.8
1676.48    34.8
1689.92    23.572
1679.84    34.8
1680.96    34.8
1692.16    24.686
1682.08    34.8
1687.68    29.686
1683.2    34.8
1686.56    34.8
1698.88    23.572
1701.12    23.572
1695.52    29.686
1691.04    34.8
1694.4    34.8
1705.6    29.686
1702.24    34.8
1713.44    24.686
1706.72    34.8
1707.84    34.8
1720.16    23.572
1710.08    34.8
1722.4    23.572
1711.2    34.886
1714.56    34.8
1726.88    23.572
1715.68    34.886
1729.12    23.572
1717.92    34.886
1723.52    29.686
1719.04    34.8
1725.76    29.686
1731.36    24.686
1721.28    34.8
1730.24    29.686
1736.96    23.572
1733.6    29.686
1741.44    24.686
1732.48    34.8
1734.72    34.8
1735.84    34.8
1748.16    23.572
1738.08    34.8
1739.2    34.8
1745.92    29.795
1742.56    34.886
1753.76    24.686
1754.88    23.572
1751.52    29.686
1752.64    29.686
1758.24    24.686
1761.6    23.572
1750.4    34.886
1757.12    29.686
1766.08    23.572
1767.2    23.572
1756    34.886
1768.32    23.572
1759.36    34.8
1772.8    29.686
1780.64    23.572
1769.44    34.886
1776.16    29.686
1771.68    34.8
1777.28    29.686
1773.92    34.8
1775.04    34.8
1788.48    23.572
1778.4    34.8
1782.88    34.8
1785.12    34.8
1787.36    34.8
1800.8    23.572
1789.6    34.886
1790.72    34.8
1792.96    34.8
1795.2    34.8
1808.64    23.572
1797.44    34.886
1809.76    23.572
1804.16    29.686
1810.88    23.572
1805.28    29.686
1812    23.581
1806.4    29.686
1801.92    34.8
1814.24    24.686
1813.12    29.686
1819.84    29.686
1826.56    24.686
1816.48    34.8
1823.2    29.686
1818.72    34.886
1829.92    24.686
1820.96    34.8
1832.16    24.686
1833.28    23.572
1827.68    29.686
1834.4    23.572
1835.52    24.686
1825.44    34.8
1837.76    23.572
1838.88    24.686
1831.04    34.8
1845.6    23.572
1836.64    34.886
1842.24    29.686
1847.84    24.686
1848.96    23.572
1854.56    24.686
1859.04    24.686
1851.2    34.8
1857.92    29.686
1853.44    34.8
1865.76    24.686
1855.68    34.8
1856.8    34.8
1862.4    29.686
1863.52    29.686
1869.12    24.686
1871.36    23.572
1873.6    23.572
1874.72    23.572
1876.96    23.572
1866.88    34.8
1870.24    34.8
1872.48    34.8
1883.68    24.686
1884.8    24.686
1880.32    29.686
1881.44    29.686
1889.28    23.572
1887.04    29.686
1885.92    34.8
1892.64    29.686
1888.16    34.8
1900.48    23.572
1897.12    29.686
1898.24    29.686
1906.08    23.572
1896    34.8
1899.36    34.8
1904.96    29.686
1901.6    34.8
1913.92    23.572
1908.32    29.686
1915.04    23.572
1911.68    29.686
1907.2    34.8
1912.8    29.686
1920.64    23.572
1909.44    34.886
1910.56    34.8
1917.28    29.686
1925.12    24.686
1916.16    34.8
1924    29.686
1919.52    34.8
1932.96    23.572
1921.76    34.886
1934.08    23.572
1928.48    29.686
1935.2    23.572
1936.32    23.572
1927.36    34.8
1939.68    24.686
1929.6    34.8
1930.72    34.8
1943.04    23.572
1945.28    23.572
1940.8    29.686
1937.44    34.8
1938.56    34.8
1941.92    34.8
1947.52    29.686
1944.16    34.8
1958.72    24.686
1948.64    34.8
1957.6    29.686
1953.12    34.8
1964.32    24.686
1955.36    34.8
1969.92    24.686
1965.44    29.686
1973.28    23.572
1967.68    29.686
1963.2    34.8
1975.52    23.572
1976.64    23.572
1966.56    34.8
1972.16    29.795
1974.4    29.686
1980    24.694
1984.48    24.686
1978.88    34.8
1985.6    29.686
1981.12    34.8
1986.72    29.686
1990.08    29.686
1992.32    29.686
1997.92    24.686
1988.96    34.8
2001.28    23.572
1995.68    29.686
1991.2    34.886
2002.4    24.686
1999.04    29.686
2005.76    24.686
2000.16    34.8
2006.88    29.686
2008    29.686
2010.24    29.686
2014.72    29.686
2021.44    23.572
2011.36    34.8
2023.68    24.686
2020.32    29.686
2015.84    34.886
2027.04    24.686
2028.16    23.572
2019.2    34.8
2022.56    34.8
2034.88    23.572
2029.28    29.686
2025.92    34.8
2039.36    23.572
2033.76    29.686
2030.4    34.8
2036    29.686
2043.84    24.686
2048.32    23.572
2037.12    34.886
2044.96    29.686
2040.48    34.8
2041.6    34.8
2042.72    34.8
2046.08    34.8
2047.2    34.8
2049.44    34.8
2050.56    34.8
2052.8    34.8
2053.92    34.8
2055.04    34.8
2067.36    23.572
2056.16    34.886
2061.76    29.686
2057.28    34.8
2062.88    29.686
2070.72    23.572
2065.12    29.686
2060.64    34.8
2068.48    29.686
2064    34.8
2066.24    34.8
2071.84    29.686
2072.96    29.686
2080.8    29.686
2089.76    24.686
2090.88    23.572
2094.24    23.572
2087.52    34.8
2095.36    29.686
2092    34.81
2105.44    24.686
2100.96    29.686
2097.6    34.8
2099.84    34.8
2102.08    34.8
2107.68    29.795
2103.2    34.8
2104.32    34.8
2116.64    23.572
2117.76    23.572
2108.8    34.8
2109.92    34.8
2111.04    34.8
2113.28    34.8
2114.4    34.8
2115.52    34.8
