1000    28.457
1002.24    32.8
1004.48    30.915
1010.08    28.457
1019.04    28.457
1016.8    31.686
1021.28    28.457
1020.16    31.686
1022.4    30.915
1030.24    28.457
1036.96    31.686
1040.32    28.555
1038.08    31.686
1042.56    31.686
1049.28    28.555
1050.4    27.686
1051.52    29.572
1069.44    31.686
1072.8    28.915
1077.28    27.686
1079.52    30.915
1085.12    28.457
1084    31.686
1086.24    29.572
1098.56    29.572
1100.8    31.686
1105.28    32.8
1112    28.469
1113.12    30.915
1117.6    32.8
1126.56    28.457
1127.68    27.686
1128.8    30.915
1137.76    29.572
1145.6    25.686
1141.12    31.686
1144.48    28.555
1151.2    30.915
1153.44    31.686
1160.16    27.686
1155.68    32.8
1156.8    31.795
1165.76    32.8
1175.84    25.686
1170.24    32.8
1172.48    31.686
1180.32    32.8
1190.4    31.686
1193.76    28.555
1192.64    32.8
1199.36    30.915
1211.68    28.457
1218.4    28.457
1220.64    31.686
1221.76    32.8
1231.84    28.457
1229.6    32.8
1234.08    28.457
1240.8    31.686
1245.28    30.572
1248.64    31.686
1252    28.567
1256.48    28.686
1257.6    28.457
1258.72    30.572
1264.32    25.686
1262.08    28.915
1267.68    25.686
1268.8    31.686
1271.04    32.8
1273.28    32.8
1283.36    28.457
1288.96    32.8
1291.2    31.686
1296.8    29.572
1301.28    28.555
1299.04    31.686
1303.52    28.457
1300.16    32.8
1305.76    27.686
1308    30.572
1311.36    29.572
1309.12    32.8
1315.84    28.915
1316.96    32.8
1321.44    28.555
1320.32    32.8
1324.8    28.457
1329.28    29.572
1328.16    32.8
1332.64    28.457
1333.76    28.915
1340.48    28.457
1338.24    30.915
1341.6    31.686
1343.84    29.572
1344.96    29.572
1348.32    27.686
1353.92    28.457
1356.16    28.555
1355.04    32.8
1359.52    30.915
1365.12    28.915
1371.84    28.457
1368.48    32.8
1369.6    32.8
1380.8    28.555
1385.28    32.8
1396.48    31.686
1400.96    32.8
1403.2    32.8
1413.28    30.915
1412.16    32.8
1414.4    32.8
1424.48    31.686
1426.72    31.686
1427.84    31.686
1428.96    31.686
1430.08    32.8
1437.92    28.457
1435.68    31.686
1436.8    31.686
1448    30.915
1452.48    31.686
1455.84    28.555
1462.56    28.457
1459.2    32.8
1467.04    29.572
1470.4    31.686
1474.88    32.8
1476    31.795
1477.12    31.915
1481.6    28.457
1480.48    30.915
1487.2    25.686
1482.72    32.8
1488.32    31.686
1493.92    28.457
1498.4    28.457
1499.52    27.686
1501.76    28.457
1504    28.555
1505.12    28.915
1502.88    31.686
1506.24    31.686
1507.36    32.8
1520.8    28.915
1518.56    31.686
1521.92    30.915
1533.12    28.457
1538.72    31.686
1547.68    25.686
1551.04    29.572
1554.4    28.457
1557.76    28.457
1555.52    31.686
1562.24    31.686
1574.56    25.686
1570.08    31.686
1576.8    32.8
1583.52    32.8
1586.88    29.572
1585.76    30.915
1590.24    29.572
1591.36    32.8
1600.32    29.572
1603.68    31.686
1605.92    31.686
1609.28    31.686
1620.48    29.572
1624.96    31.686
1630.56    28.457
1633.92    28.457
1642.88    28.555
1646.24    28.457
1648.48    29.572
1650.72    28.457
1649.6    32.8
1651.84    32.8
1652.96    32.8
1658.56    28.457
1655.2    32.8
1672    28.469
1676.48    29.572
1678.72    31.686
1680.96    31.686
1687.68    28.457
1689.92    28.555
1694.4    28.457
1693.28    32.8
1701.12    31.686
1702.24    31.686
1705.6    28.915
1708.96    32.8
1711.2    32.8
1716.8    28.457
1720.16    32.8
1722.4    30.915
1723.52    32.8
1724.64    31.795
1728    28.555
1725.76    31.686
1731.36    27.686
1734.72    31.686
1744.8    28.457
1745.92    28.457
1748.16    28.457
1752.64    28.457
1753.76    31.686
1754.88    30.915
1756    32.8
1764.96    25.686
1766.08    32.8
1769.44    32.801
1771.68    31.686
1775.04    28.555
1778.4    28.457
1779.52    27.686
1785.12    25.686
1788.48    29.572
1790.72    31.686
1801.92    29.572
1805.28    32.8
1810.88    28.457
1814.24    27.686
1813.12    30.915
1819.84    31.686
1831.04    28.457
1832.16    28.915
1833.28    31.686
1836.64    31.686
1844.48    25.686
1845.6    25.686
1843.36    30.572
1859.04    32.8
1863.52    31.686
1866.88    31.686
1868    32.8
1875.84    28.457
1873.6    32.8
1874.72    32.8
1879.2    28.457
1881.44    28.457
1885.92    28.457
1889.28    31.686
1897.12    32.8
1900.48    32.8
1907.2    27.686
1906.08    31.686
1909.44    28.555
1910.56    28.457
1913.92    29.572
1918.4    28.686
1920.64    29.572
1919.52    31.686
1921.76    31.686
1926.24    28.457
1927.36    28.457
1934.08    28.457
1939.68    28.457
1945.28    28.457
1944.16    31.686
1953.12    31.686
1954.24    31.686
1955.36    32.8
1963.2    27.686
1960.96    31.686
1964.32    28.555
1966.56    27.686
1965.44    29.572
1969.92    32.8
1974.4    30.915
1977.76    31.686
1990.08    31.686
1994.56    28.915
1997.92    28.457
2000.16    28.457
2006.88    28.457
2004.64    32.8
2005.76    31.795
2009.12    30.572
2012.48    27.686
2013.6    28.457
2010.24    32.8
2014.72    28.457
2016.96    28.457
2018.08    31.686
2020.32    29.572
2027.04    25.686
2024.8    28.457
2023.68    32.8
2033.76    28.457
2031.52    30.915
2042.72    31.686
2048.32    31.686
2052.8    28.555
2050.56    31.686
2057.28    28.915
2056.16    31.686
2059.52    28.555
2061.76    31.686
2066.24    28.457
2065.12    32.8
2068.48    31.686
2072.96    32.8
2077.44    32.8
2081.92    31.686
2086.4    28.457
2085.28    32.8
2088.64    29.572
2093.12    28.457
2097.6    28.915
2102.08    31.686
2105.44    28.555
2107.68    31.686
