1000    31.864
1017.92    41.864
1012.32    62.44
1008.96    72.256
1048.16    34.768
1014.56    74.572
1038.08    54.424
1033.6    69.44
1063.84    40.872
1077.28    31.96
1024.64    100.304
1088.48    40.912
1067.2    65.744
1049.28    88.968
1078.4    65.64
1026.88    117.534
1035.84    110.488
1061.6    90.2
1062.72    94.592
1064.96    93.496
1092.96    66.64
1034.72    126.024
1066.08    95.808
1119.84    45.104
1068.32    97.768
1022.4    144.976
1076.16    94.32
1032.48    142.678
1081.76    94.001
1138.88    37.779
1147.84    35.824
1040.32    145.089
1079.52    109.144
1016.8    173.784
1095.2    99.302
1020.16    175.169
1129.92    66.896
1030.24    169.182
1131.04    69.526
1115.36    86.672
1106.4    95.928
1025.76    179.886
1004.48    202.552
1173.6    39.827
1047.04    168.352
1056    159.548
1134.4    84.027
1123.2    100.073
1011.2    217.964
1099.68    130.696
1087.36    145.304
1058.24    181.48
1128.8    114.211
1140    104.248
1105.28    140.112
1191.52    56.092
1193.76    55.392
1169.12    84.464
1042.56    212.43
1101.92    154.214
1072.8    184.478
1113.12    145.302
1013.44    246.126
1174.72    86.152
1183.68    81.384
1187.04    80.312
1071.68    195.686
1107.52    162.878
1184.8    86.152
1075.04    197.056
1082.88    192.18
1157.92    118.198
1240.8    35.472
1175.84    101.576
1202.72    85.56
1229.6    61.892
1225.12    70.252
1084    217.828
1122.08    185.334
1050.4    260.124
1227.36    84.88
1215.04    97.443
1126.56    186.824
1023.52    290.894
1155.68    160.71
1125.44    192.411
1145.6    173.395
1015.68    306.71
1036.96    287.819
1188.16    137.894
1249.76    81.03
1110.88    222.028
1053.76    280.494
1180.32    157.352
1288.96    51
1137.76    203.344
1264.32    78.315
1029.12    314.376
1031.36    312.419
1052.64    295.328
1280    68.288
1203.84    145.272
1199.36    150.072
1211.68    138.896
1209.44    145.062
1302.4    60.782
1320.32    44.099
1256.48    110.593
1100.8    267.841
1217.28    152.688
1239.68    131.856
1274.4    102.516
1196    182.152
1331.52    47.622
1208.32    171.78
1150.08    231.164
1332.64    49.697
1286.72    96.144
1166.88    217.054
1296.8    87.712
1263.2    128.686
1161.28    233.294
1235.2    159.697
1189.28    206.651
1003.36    393.715
1293.44    104.779
1304.64    96.985
1163.52    238.131
1091.84    311.841
1097.44    307.025
1273.28    131.545
1127.68    281.406
1086.24    323.99
1159.04    252.379
1358.4    54.163
1165.76    247.947
1330.4    86.451
1060.48    358.804
1190.4    229.016
1360.64    62.076
1170.24    252.496
1312.48    112.112
1328.16    97.491
1285.6    140.267
1362.88    64.131
1085.12    343.452
1282.24    147.844
1241.92    189.481
1323.68    107.739
1185.92    247.188
1182.56    252.243
1341.6    94.347
1179.2    258.364
1006.72    432.216
1322.56    120.664
1385.28    61.84
1124.32    324.099
1393.12    58.539
1116.48    336.323
1324.8    131.8
1258.72    199.024
1253.12    211.883
1045.92    420.358
1224    242.98
1245.28    225.76
1265.44    208.592
1057.12    418.524
1200.48    279.523
1247.52    234.468
1248.64    234.492
1277.76    206.516
1371.84    113.632
1219.52    268.873
1089.6    399.934
1172.48    318.198
1366.24    126.243
1359.52    133.531
1291.2    203.64
1380.8    115.896
1222.88    276.462
1392    108.801
1453.6    48.345
1441.28    60.936
1389.76    113.329
1375.2    129.033
1440.16    64.732
1148.96    356.51
1342.72    163.448
1301.28    205.884
1372.96    136.238
1394.24    116.849
1297.92    213.566
1348.32    165.518
1383.04    132.035
1237.44    279.66
1310.24    208.131
1467.04    52.475
1143.36    377.616
1234.08    290.011
1377.44    148.4
1132.16    394.948
1262.08    266.172
1098.56    429.704
1455.84    74.782
1178.08    353.686
1374.08    158.83
1451.36    82.694
1232.96    302.331
1260.96    275.56
1437.92    102.792
1504    38.68
1142.24    401.027
1461.44    83.24
1496.16    48.808
1339.36    208.873
1325.92    222.737
1133.28    418.476
1435.68    117.22
1368.48    188.126
1041.44    516.31
1152.32    406.574
1417.76    142.278
1491.68    70.283
1201.6    362.017
1492.8    71.296
1308    259.662
1171.36    397.033
1198.24    371.297
1266.56    303.476
1316.96    254.22
1468.16    105.472
1493.92    83.142
1135.52    443.286
1318.08    261.87
1197.12    387.116
1452.48    133.176
1276.64    309.268
1387.52    199.532
1399.84    187.95
1039.2    550.572
1206.08    384.836
1221.76    371.444
1443.52    152.356
1379.68    219.536
1444.64    154.668
1259.84    340.612
1540.96    60.024
1192.64    409.488
1478.24    124.014
1028    575.984
1470.4    134.142
1415.52    191.076
1545.44    64.369
1408.8    202.652
1220.64    391.457
1073.92    541.64
1477.12    139.584
1510.72    107.128
1557.76    60.299
1469.28    149.923
1370.72    249.627
1571.2    50.291
1275.52    346.939
1432.32    190.51
1535.36    88.614
1309.12    316.091
1314.72    311.635
1556.64    70.859
1295.68    332.963
1367.36    267.987
1518.56    118.904
1306.88    331.728
1497.28    141.35
1588    51.92
1436.8    204.264
1572.32    70.862
1570.08    74.246
1423.36    222.558
1534.24    112.822
1581.28    66.468
1351.68    298.636
1403.2    249.966
1516.32    136.886
1109.76    544.55
1605.92    49.534
1574.56    81.139
1376.32    281.72
1583.52    75.664
1589.12    73.67
1566.72    97.265
1505.12    162.985
1347.2    321.7
1336    333.249
1412.16    258.233
1576.8    94.737
1604.8    67.448
1502.88    174.84
1584.64    94.74
1563.36    116.465
1250.88    430.22
1144.48    539.171
1602.56    83.176
1548.8    143.04
1416.64    277.347
1305.76    388.92
1421.12    275.392
1594.72    105.448
1626.08    75.507
1549.92    152.811
1482.72    220.048
1411.04    293.961
1506.24    204.188
1616    94.848
1160.16    552.968
1334.88    379.774
1650.72    67.155
1524.16    197.708
1463.68    259.332
1624.96    100.87
1668.64    58.334
1294.56    436.462
1617.12    114.968
1406.56    326.891
1476    260.246
1448    288.742
1659.68    77.71
1645.12    95.361
1638.4    102.563
1230.72    511.387
1480.48    262.84
1651.84    92.606
1141.12    603.344
1677.6    69.59
1094.08    654.254
1344.96    403.868
1675.36    74.702
1520.8    230.646
1630.56    122.264
1703.36    57.712
1439.04    323.635
1683.2    82.337
1673.12    94.078
1519.68    249.286
1402.08    367.936
1434.56    341.961
1269.92    507.478
1238.56    541.638
1313.6    472.651
1456.96    329.688
1618.24    170.702
1577.92    212.076
1287.84    503.3
1652.96    139.324
1745.92    47.508
1530.88    263.785
1395.36    399.36
1607.04    188.769
1579.04    217.34
1666.4    131.838
1378.56    421.904
1742.56    60.736
1472.64    330.742
1454.72    350.168
1568.96    236.624
1254.24    551.923
1757.12    49.608
1573.44    234.908
1281.12    527.67
1738.08    71.854
1458.08    352.998
1722.4    90.68
1693.28    119.953
1553.28    261.448
1252    563.872
1734.72    85.084
1388.64    435.462
1743.68    83.854
1303.52    525.158
1512.96    316.862
1445.76    385.206
1398.72    436.619
1682.08    155.396
1764.96    73.878
1464.8    375.182
1619.36    222.313
1426.72    416.035
1795.2    47.617
1780.64    63.321
1710.08    134.98
1712.32    132.785
1808.64    38.427
1460.32    387.928
1766.08    83.312
1117.6    732.936
1750.4    102.552
1786.24    67.856
1349.44    505.8
1226.24    630.144
1797.44    61.193
1726.88    131.856
1814.24    46.379
1829.92    37.358
1801.92    66.608
1820.96    48.712
1706.72    163.952
1212.8    658.016
1775.04    96.92
1694.4    178.704
1692.16    182.088
1500.64    374.752
1767.2    109.428
1770.56    106.252
1654.08    223.692
1817.6    62.072
1361.76    519.056
1527.52    354.504
1686.56    196.608
1833.28    51.032
1803.04    81.992
1418.88    466.966
1715.68    172.454
1708.96    181.072
1713.44    178.88
1327.04    572.712
1844.48    56.416
1216.16    685.88
1346.08    557.104
1340.48    564.348
1716.8    189.502
1843.36    64.616
1823.2    90.168
1779.52    135.539
1846.72    70.443
1369.6    548.707
1400.96    517.868
1728    191.451
1591.36    328.612
1717.92    203.196
1806.4    116.502
1596.96    329.512
1565.6    366.427
1861.28    72.544
1397.6    536.784
1428.96    511.652
1848.96    92.796
1151.2    792.652
1283.36    669.676
1580.16    373.84
1869.12    86.024
1661.92    298.368
1543.2    417.84
1508.48    453.952
1465.92    497.656
1868    97.617
1769.44    199.998
1847.84    125.723
1598.08    376.627
1644    335.336
1893.76    90.382
1622.72    363.888
1907.2    79.564
1831.04    156.868
1751.52    237.017
1909.44    82.558
1941.92    51.51
1812    182.574
1887.04    110.859
1595.84    402.446
1864.64    137.32
1863.52    144.27
1753.76    255.174
1747.04    263.32
1539.84    471.852
1943.04    70.371
1685.44    329.208
1920.64    95.152
1946.4    70.536
1911.68    106.4
1906.08    113.312
1981.12    43.494
1525.28    500.478
1963.2    69.976
1627.2    406.27
1916.16    120.638
1845.6    193.094
1521.92    517.952
1507.36    534.398
1483.84    559.062
1352.8    692.475
1842.24    205.968
1736.96    312.374
1641.76    410.707
1957.6    96.456
1636.16    421.966
1915.04    144.824
1719.04    341.968
1874.72    186.326
1904.96    162.752
1533.12    536.676
1562.24    510.944
2025.92    48.646
1986.72    88.672
1292.32    784.764
1499.52    579.822
2006.88    73.606
1667.52    422.398
1674.24    417.555
1967.68    124.526
1873.6    219.339
1932.96    163.529
1773.92    323.713
1993.44    105.456
2008    93.78
1601.44    503.376
1422.24    683.035
2005.76    102.667
1919.52    192.98
2003.52    109.272
1532    582.504
2065.12    49.676
1642.88    474.032
1816.48    301.576
1838.88    279.56
1546.56    573.024
2040.48    81.024
2001.28    120.622
1758.24    364.806
2030.4    93.416
1938.56    185.63
2012.48    113.302
1902.72    224.206
1257.6    873.878
1523.04    613.92
1542.08    595.688
1976.64    161.608
1995.68    143.712
1509.6    630.182
2086.4    54.312
1878.08    263.832
2018.08    124.976
1544.32    599.88
2083.04    61.734
1555.52    590.529
2053.92    93.273
1631.68    519.364
1889.28    262.908
2028.16    128.121
1670.88    486.619
2090.88    68.038
2029.28    132.696
2095.36    69.769
2037.12    130.673
2033.76    136.264
2078.56    92.203
1608.16    565.846
1926.24    253.705
2115.52    67.443
2066.24    118.256
1723.52    464.251
2105.44    83.126
1882.56    309.003
2034.88    157.11
2009.12    183.587
1841.12    352.731
1962.08    233.008
2051.68    157.24
1705.6    506.153
1672    541.672
1891.52    327.876
1809.76    409.936
1108.64    1112.78
2023.68    200.028
1980    247.87
1987.84    242.601
2112.16    122.905
1925.12    310.808
1908.32    328.02
1850.08    386.992
1649.6    588.985
1756    486.928
2070.72    175.897
2014.72    233.209
1665.28    582.689
1898.24    350.873
1517.44    731.739
1733.6    516.657
2113.28    137.043
1647.36    604.041
1870.24    381.227
2087.52    165.091
1771.68    483.153
1972.16    286.529
1910.56    349.273
2114.4    147.721
2069.6    200.945
2059.52    212.747
1585.76    687.088
1825.44    449.82
1243.04    1034.09
1471.52    808.718
1740.32    544.11
1731.36    554.699
1481.6    809.315
1763.84    536.691
1881.44    424.432
1691.04    616.772
2077.44    234.123
1792.96    525.267
1804.16    515.094
1664.16    657.499
2064    259.276
1695.52    635.326
2021.44    310.98
2096.48    241.659
1730.24    610.537
2107.68    239.577
2019.2    331.796
1810.88    546.508
1934.08    426.177
1827.68    537.857
1883.68    483.001
1590.24    798.956
2080.8    310.126
1490.56    901.51
1714.56    682.772
1832.16    566.739
1836.64    567.42
1741.44    663.857
1777.28    632.206
1698.88    715.787
1495.04    921.305
1413.28    1004.2
1785.12    639.625
1648.48    789.916
1752.64    689.574
1613.76    829.435
1866.88    578.44
1501.76    948.012
1860.16    599.844
1449.12    1025.12
1788.48    689.254
1707.84    781.377
1479.36    1011
1927.36    574.74
1381.92    1131.06
1551.04    964.235
1903.84    614.854
1484.96    1037.5
1405.44    1118.16
1854.56    669.144
1554.4    988.564
1538.72    1005.69
1739.2    812.377
1431.2    1131.75
1552.16    1013.12
1678.72    890.694
1855.68    719.588
1409.92    1166.49
1635.04    946.814
1890.4    693.03
1778.4    806.563
1805.28    786.468
1800.8    792.856
1856.8    749.449
1968.8    638.593
1965.44    658.14
1884.8    744.171
1896    734.5
1974.4    657.244
1899.36    733.1
1427.84    1205.76
1815.36    819.481
1912.8    724.776
1701.12    939.6
1996.8    645.852
1784    863.259
2002.4    649.235
2024.8    629.843
1985.6    670.63
1782.88    886.3
2020.32    652.035
2036    644.812
1958.72    730.1
1969.92    722.188
2031.52    666.95
1924    774.894
1818.72    881.676
1971.04    730.72
1944.16    763.04
1991.2    718.028
1837.76    876.772
1807.52    911.121
1990.08    742.118
2022.56    718.636
1921.76    820.712
2041.6    702.016
2062.88    687.596
1892.64    860.876
1628.32    1126.66
1761.6    995.348
1918.4    844.404
1901.6    863.696
1929.6    838.137
1880.32    899.31
1658.56    1135.31
2061.76    735.804
1879.2    924.536
1897.12    925.112
1407.68    1415.88
2055.04    772.262
2074.08    754.366
1660.8    1177.04
1992.32    874.675
2015.84    854.27
2097.6    778.358
2004.64    876.363
1268.8    1615.71
2044.96    848.574
2099.84    796.702
2094.24    809.411
2092    818.081
2111.04    801.033
1913.92    1002.74
1936.32    982.414
1977.76    943.755
1487.2    1438.9
1947.52    982.67
1973.28    962.945
1949.76    996.87
2067.36    885.329
2116.64    837.371
2102.08    870.252
1575.68    1396.7
2032.64    941.98
1702.24    1282.14
1676.48    1314.67
1935.2    1072.97
2093.12    924.275
1720.16    1299.97
1633.92    1387.57
1922.88    1100.68
1511.84    1525.75
1966.56    1075.2
1760.48    1286.2
2081.92    980.896
2098.72    965.916
2039.36    1032.07
1754.88    1327.09
2100.96    991.99
1787.36    1306.73
2068.48    1042.14
2089.76    1071.76
1700    1463.1
1853.44    1339.11
2106.56    1099.53
2076.32    1133.52
1789.6    1435.63
1748.16    1512.29
1749.28    1547.25
1790.72    1507.87
1768.32    1602.3
1955.36    1456.54
1498.4    1924.44
1813.12    1623.29
1900.48    1584.03
1959.84    1609.68
2011.36    1597.42
1999.04    1642.86
1824.32    1820.54
2050.56    1623.41
1964.32    1713.24
2085.28    1608.79
2075.2    1641.99
1952    1872.76
2103.2    1844.82
2079.68    1888.41
