1014.56    44.152
1005.6    55.296
1024.64    37.4
1029.12    38.056
1022.4    53.376
1003.36    77.204
1016.8    68.009
1044.8    42.008
1019.04    68.992
1052.64    36.864
1034.72    55.04
1050.4    42.008
1056    36.936
1020.16    77.264
1040.32    57.528
1030.24    71.966
1000    104.16
1006.72    97.867
1045.92    59.811
1068.32    38.128
1007.84    99.035
1038.08    70.019
1026.88    82.363
1063.84    46.547
1072.8    38.396
1033.6    77.931
1069.44    44.376
1058.24    57.864
1011.2    105.827
1080.64    37.624
1031.36    89.464
1004.48    119.835
1039.2    86.072
1036.96    88.592
1010.08    117.227
1082.88    48.112
1015.68    116.456
1066.08    67.28
1041.44    93.064
1064.96    71.032
1094.08    45.344
1048.16    92.064
1078.4    65.268
1099.68    44.4
1098.56    46.584
1049.28    95.944
1095.2    51.088
1070.56    76.872
1051.52    96.724
1081.76    67.721
1114.24    38.528
1025.76    128.152
1047.04    107.441
1021.28    135.012
1032.48    127.297
1060.48    103.873
1128.8    36.864
1119.84    48.112
1067.2    101.729
1131.04    38.056
1132.16    38.08
1120.96    50.424
1115.36    57.248
1134.4    39.352
1133.28    44.404
1135.52    44.452
1125.44    57.82
1140    44.516
1104.16    82.644
1071.68    116.348
1097.44    92.796
1085.12    107.888
1123.2    73.584
1147.84    55.595
1155.68    51.467
1165.76    42.857
1146.72    63.628
1061.6    152.504
1028    191.38
1077.28    149.5
1084    143.644
1076.16    151.857
1188.16    42.008
1194.88    36.888
1197.12    36.936
1150.08    85.164
1127.68    110.952
1106.4    133.376
1101.92    141.804
1023.52    221.348
1208.32    37.348
1200.48    46.561
1144.48    107.464
1189.28    65.049
1116.48    138.752
1211.68    43.886
1191.52    65.19
1145.6    111.92
1210.56    49.248
1008.96    253.961
1198.24    65.824
1202.72    61.345
1035.84    229.368
1122.08    144.272
1220.64    46.936
1103.04    165.923
1129.92    139.187
1118.72    156.092
1201.6    73.265
1228.48    47.529
1241.92    36.864
1234.08    45.588
1218.4    61.528
1180.32    100.752
1243.04    39.256
1143.36    140.712
1225.12    62.828
1096.32    194.363
1238.56    54.411
1196    105.433
1206.08    96.577
1265.44    37.944
1148.96    157.552
1156.8    152.388
1153.44    156.892
1117.6    193.876
1244.16    68.54
1267.68    46.1
1182.56    131.843
1229.6    85.324
1073.92    244.58
1278.88    41.028
1161.28    160.729
1157.92    165.233
1164.64    159.657
1054.88    270.561
1212.8    113.785
1281.12    46.689
1288.96    39.844
1162.4    167.548
1086.24    244.052
1285.6    47.204
1290.08    45.012
1166.88    169.356
1268.8    68.104
1168    170.398
1171.36    170.19
1304.64    37.19
1172.48    173.502
1170.24    176.886
1001.12    349.904
1173.6    178.66
1310.24    44.497
1305.76    52.704
1175.84    183.574
1174.72    184.888
1178.08    183.816
1287.84    76.344
1013.44    352.32
1292.32    74.584
1152.32    215.388
1154.56    214.292
1312.48    56.712
1283.36    88.112
1184.8    187.68
1324.8    48.824
1299.04    75.728
1059.36    315.552
1321.44    54.472
1322.56    53.58
1079.52    298.577
1181.44    196.988
1253.12    129.884
1333.76    51.787
1183.68    203.544
1043.68    343.732
1346.08    42.476
1193.76    198.684
1341.6    55.729
1203.84    195.188
1286.72    113.777
1344.96    57.356
1124.32    279.47
1336    72.433
1323.68    89.673
1057.12    356.62
1216.16    201.121
1113.12    307.19
1377.44    44.814
1190.4    234.075
1222.88    202.502
1296.8    129.71
1215.04    213.054
1356.16    73.078
1224    206.382
1378.56    52.686
1088.48    343.766
1338.24    94.827
1359.52    73.87
1221.76    214.155
1277.76    159.472
1042.56    396.694
1394.24    45.28
1362.88    77.784
1313.6    127.488
1231.84    211.939
1235.2    211.011
1387.52    60.432
1398.72    50.376
1316.96    133.372
1207.2    243.276
1357.28    96.577
1053.76    401.241
1204.96    251.726
1141.12    316.425
1237.44    221.105
1328.16    130.529
1240.8    219.126
1420    41.646
1239.68    223.19
1303.52    160.494
1422.24    42.918
1427.84    38.475
1138.88    331.448
1246.4    226.216
1371.84    102.012
1423.36    54.152
1247.52    230.764
1248.64    230.016
1440.16    39.268
1100.8    379
1217.28    265.118
1374.08    110.606
1252    233.83
1428.96    57.281
1392    95.054
1176.96    310.505
1250.88    237.411
1361.76    126.849
1416.64    73.113
1254.24    236.67
1409.92    83.422
1459.2    39.224
1430.08    71.321
1264.32    238.081
1364    141.113
1266.56    239.417
1456.96    50.857
1383.04    125.921
1360.64    151.177
1469.28    49.23
1389.76    128.894
1480.48    41.336
1269.92    252.87
1478.24    45.787
1137.76    386.47
1017.92    507.598
1276.64    252.403
1486.08    43.633
1343.84    186.44
1449.12    82.304
1271.04    265.772
1418.88    119.156
1463.68    75.5
1482.72    57.38
1245.28    296.108
1275.52    266.868
1256.48    287.435
1451.36    93.316
1493.92    51.9
1499.52    46.633
1425.6    121.777
1291.2    257.321
1467.04    82.638
1501.76    49.062
1295.68    259.624
1471.52    84.054
1297.92    259.816
1476    85.163
1517.44    48.536
1263.2    305.72
1520.8    48.451
1112    460.556
1514.08    59.62
1527.52    49.033
1109.76    467.169
1308    276.233
1500.64    84.425
1226.24    360.033
1492.8    97.433
1385.28    210.238
1544.32    54.71
1259.84    340.358
1315.84    284.502
1300.16    302.47
1543.2    60.574
1562.24    43.051
1421.12    186.342
1314.72    294.334
1504    106.291
1262.08    348.414
1547.68    64.04
1160.16    452.766
1565.6    48.326
1533.12    80.95
1302.4    312.907
1558.88    57.571
1330.4    287.275
1571.2    53.612
1582.4    43.649
1546.56    80.713
1227.36    404.524
1510.72    121.747
1012.32    621.147
1334.88    299.731
1484.96    150.792
1337.12    299.059
1557.76    80.412
1604.8    38.696
1556.64    86.884
1142.24    502.4
1600.32    44.744
1589.12    57.088
1309.12    337.448
1349.44    297.992
1603.68    44.896
1592.48    57.304
1350.56    300.368
1567.84    86.016
1577.92    77.36
1351.68    303.708
1505.12    151.304
1602.56    53.972
1091.84    565.808
1352.8    305.768
1353.92    306.188
1260.96    402.817
1580.16    84.524
1576.8    89.028
1301.28    364.548
1319.2    347.772
1348.32    322.364
1583.52    87.384
1187.04    486.232
1311.36    363.056
1199.36    475.993
1632.8    42.76
1495.04    182.208
1515.2    162.96
1635.04    43.728
1327.04    352.264
1642.88    42.804
1329.28    359.801
1110.88    579.345
1645.12    47.192
1365.12    328.63
1654.08    40.907
1368.48    328.422
1630.56    72.472
1339.36    365.736
1610.4    95.696
1658.56    47.68
1661.92    46.153
1092.96    617.745
1650.72    60.785
1320.32    397.216
1596.96    121.72
1390.88    328.944
1652.96    66.977
1601.44    119.528
1393.12    327.961
1614.88    107.345
1627.2    96.324
1384.16    345.8
1621.6    110.648
1609.28    124.112
1274.4    459.249
1325.92    408.616
1660.8    73.993
1692.16    43.52
1105.28    630.796
1396.48    347.604
1676.48    69.656
1405.44    340.932
1693.28    54.316
1397.6    351.14
1376.32    374.628
1481.6    270.256
1701.12    51.96
1678.72    77.136
1705.6    51.4
1599.2    158.456
1075.04    685.009
1413.28    348.057
1179.2    583.281
1404.32    359.398
1720.16    45.584
1414.4    351.513
1716.8    52.825
1629.44    141.228
1342.72    430.804
1411.04    363.628
1657.44    117.481
1722.4    53.412
1689.92    86.145
1388.64    388.316
1406.56    370.649
1649.6    128.58
1723.52    55.804
1366.24    414.228
1651.84    129.772
1380.8    401.969
1721.28    62.633
1735.84    49.2
1728    57.057
1703.36    82.841
1732.48    55.596
1743.68    46.016
1151.2    638.83
1684.32    107.904
1708.96    83.368
1742.56    51.004
1710.08    86.824
1136.64    662.864
1754.88    49.456
1512.96    293.612
1432.32    375.667
1439.04    369.243
1431.2    377.931
1192.64    617.5
1758.24    52.128
1760.48    55.996
1445.76    371.912
1402.08    415.872
1770.56    48.536
1771.68    49.376
1775.04    47.24
1768.32    54.152
1773.92    49.504
1381.92    442.648
1450.24    376.44
1745.92    81.904
1779.52    51.292
1443.52    388.436
1412.16    420.984
1789.6    44.12
1107.52    727.152
1442.4    392.464
1002.24    833.576
1761.6    75.452
1340.48    496.764
1726.88    112.788
1729.12    111.785
1417.76    424.289
1766.08    76.164
1797.44    45.833
1795.2    48.969
1448    397.076
1455.84    390.38
1799.68    47.684
1801.92    46.681
1461.44    388.305
1798.56    51.921
1426.72    424.169
1753.76    98.273
1433.44    418.737
1807.52    48.153
1332.64    529.782
1462.56    399.913
1785.12    79.82
1815.36    53.113
1784    84.704
1787.36    82.58
1472.64    400.078
1825.44    50.321
1436.8    440.105
1465.92    412.942
1159.04    721.83
1842.24    38.91
1470.4    411.974
1731.36    152.224
1826.56    59.59
1846.72    40.128
1477.12    412.584
1833.28    57.424
1403.2    487.648
1487.2    404.792
1767.2    125.137
1209.44    684.107
1776.16    119.073
1809.76    86.008
1831.04    72.896
1126.56    778.376
1856.8    49.28
1838.88    68.168
1437.92    469.475
1415.52    492.752
1840    68.539
1491.68    420.544
1255.36    659.872
1498.4    416.976
1880.32    36.864
1424.48    492.944
1446.88    472.02
1847.84    72.297
1400.96    522.936
1876.96    49.316
1848.96    78.553
1479.36    449.297
1891.52    38.281
1888.16    42.024
1874.72    56.225
1488.32    443.008
1489.44    442.649
1496.16    436.312
1868    65.313
1899.36    38.256
1372.96    565.8
1502.88    436.404
1453.6    486.921
1869.12    71.928
1844.48    97.185
1474.88    467.929
1751.52    193.624
1908.32    36.864
1898.24    49.012
1904.96    43.616
1507.36    442.521
1521.92    437.206
1090.72    869.643
1850.08    111.427
1926.24    36.864
1865.76    97.942
1901.6    66.024
1458.08    510.688
1506.24    465.03
1920.64    54.4
1934.08    42.104
1906.08    73.353
1896    84.577
1939.68    42.008
1519.68    462.041
1441.28    541.665
1921.76    63.632
1534.24    452.296
1814.24    173.44
1943.04    49.635
1530.88    462.939
1525.28    468.963
1929.6    65.363
1535.36    460.747
1526.4    471.275
1169.12    829.699
1832.16    167.472
1542.08    459.56
1497.28    505.504
1483.84    519.131
1860.16    144.564
1963.2    45.16
1945.28    64.224
1358.4    652.392
1928.48    83.58
1879.2    135.228
1972.16    43.556
1219.52    797.34
1936.32    83.016
1545.44    474.596
1966.56    54.012
1548.8    473.712
1257.6    766.056
1551.04    473.852
1947.52    83.076
1988.96    43.22
1974.4    59.072
1946.4    89.104
1369.6    667.048
1996.8    44.052
2006.88    37.708
2000.16    45.256
1536.48    512.537
1524.16    527.716
1564.48    488.54
2016.96    38.5
1985.6    70.112
2021.44    37.44
1538.72    522.14
1062.72    1000.99
1927.36    137.488
2027.04    37.908
1952    119.464
1549.92    522.768
1230.72    844.363
1258.72    817.744
1973.28    108.252
1593.6    491.22
2018.08    67.884
2048.32    39.412
1595.84    496.496
2024.8    70.22
2008    89.388
1540.96    556.8
2052.8    46.104
1594.72    505.42
1516.32    585.404
1591.36    510.644
2020.32    86.904
1555.52    552.848
1958.72    150.862
1992.32    118.406
1293.44    820.004
1976.64    137.361
2009.12    105.468
1997.92    117.812
2022.56    96.417
1573.44    546.552
1585.76    537.649
2087.52    37.033
1941.92    183.777
1529.76    600.937
2072.96    59.708
2096.48    38.476
1537.6    597.486
2068.48    67.62
2042.72    94.654
2093.12    45.254
1611.52    527.889
1612.64    526.878
1617.12    523.966
2076.32    65.377
2105.44    36.87
1619.36    524.094
2023.68    120.918
1552.16    593.582
2088.64    60.112
1590.24    559.998
1508.48    642.4
2084.16    67.72
1616    536.024
2053.92    99.248
1622.72    531.684
1994.56    161.552
2061.76    97.776
2113.28    48.976
1624.96    540.243
1631.68    534.667
1620.48    546.478
1638.4    536.912
1607.04    569.848
1553.28    624.32
1523.04    655.704
1637.28    541.976
2109.92    69.968
2107.68    73.444
2060.64    121.628
2056.16    128.096
1644    541.4
1570.08    616.464
1608.16    578.964
2102.08    90.014
2077.44    119.248
1613.76    584.164
1282.24    923.001
1560    645.521
1623.84    583.689
2098.72    109.953
2118.88    93.76
1554.4    662.561
2111.04    110.84
1669.76    558.734
1667.52    571.363
1685.44    562.595
1677.6    571.579
1691.04    560.24
1672    581.502
1688.8    566.099
1532    726
1696.64    564.936
2117.76    144.62
1618.24    649.76
1697.76    571.68
1655.2    617.843
1679.84    594.16
2040.48    234.664
1375.2    900.384
1647.36    631.656
2081.92    198.728
1561.12    719.996
1626.08    657.324
1663.04    624.796
1673.12    615.908
2014.72    275.784
1665.28    628.276
1695.52    600.56
1273.28    1023.94
1668.64    629.82
1714.56    588.385
1704.48    600.753
1641.76    664.617
1628.32    688.696
1370.72    948.614
1584.64    742.22
1646.24    684.958
1715.68    617.051
1640.64    699.99
1648.48    698.827
1395.36    955.912
1916.16    438.072
1747.04    609.952
1717.92    643.504
1741.44    620.832
1738.08    625.868
1347.2    1019.04
1706.72    666.241
1752.64    620.46
1740.32    635.348
1711.2    666.476
1700    688.065
1633.92    765.145
1724.64    680.145
1759.36    645.814
1682.08    724.331
1777.28    631.326
1733.6    677.859
1764.96    652.891
1734.72    686.707
1763.84    660.486
1318.08    1106.63
1750.4    675.07
1408.8    1017.81
1794.08    646.888
1748.16    704.66
1185.92    1276.88
1805.28    658.94
1739.2    726.243
1284.48    1182.45
1812    661.041
1664.16    809.636
1762.72    711.804
1367.36    1114.58
1804.16    679.177
1736.96    747.758
1749.28    738.1
1791.84    696.31
1713.44    778.468
1792.96    699.766
1820.96    676.198
1819.84    678.555
1808.64    690.899
1800.8    705.934
1829.92    679.806
1816.48    694.246
1744.8    768.896
1834.4    680.155
1810.88    708.251
1843.36    683.872
1452.48    1078.18
1818.72    716.612
1386.4    1152.22
1781.76    761.768
1841.12    703.552
1788.48    757.336
1837.76    716.768
1730.24    828.817
1859.04    701.161
1853.44    707.764
1087.36    1478.81
1864.64    706.249
1454.72    1118.46
1824.32    753.289
1780.64    800.382
1236.32    1348.39
1108.64    1483.93
1870.24    722.478
1878.08    719.07
1872.48    725.958
1884.8    724.027
1881.44    728.811
1769.44    845.484
1866.88    753.48
1854.56    769.088
1331.52    1299.73
1900.48    733.464
1892.64    743.296
1435.68    1203.08
1902.72    737.036
1903.84    737.204
1897.12    746.212
1835.52    813.532
1862.4    790.302
1911.68    743.185
1889.28    769.017
1885.92    773.801
1490.56    1170.64
1917.28    753.881
1913.92    760.342
1924    757.27
1925.12    760.582
1935.2    758.747
1937.44    759.939
1944.16    765.752
1930.72    781.091
1953.12    767.324
1955.36    777.948
1959.84    779.001
1957.6    782.665
1962.08    782.337
1912.8    831.761
1938.56    810.577
1875.84    874.867
1964.32    789.673
1518.56    1239.82
1965.44    794.366
1968.8    791.87
1509.6    1260.32
1907.2    867.291
1822.08    952.598
1803.04    974.564
1981.12    802.379
1089.6    1695.04
1909.44    875.452
1473.76    1322.42
1983.36    819.68
1918.4    888.308
1950.88    862.296
1995.68    821.324
1940.8    879.884
1993.44    828.388
1851.2    970.995
2003.52    819.819
2004.64    821.609
2013.6    820.657
1975.52    871.27
2015.84    833.382
2011.36    840.854
1511.84    1341.96
1999.04    865.484
1272.16    1593.17
2030.4    839.363
2031.52    840.768
1967.68    904.718
2032.64    841.936
2038.24    847.632
2039.36    846.656
1954.24    937.352
2034.88    857.56
2046.08    850.324
1444.64    1452.99
1991.2    908.31
1572.32    1329.8
2041.6    864.66
2049.44    858.26
2055.04    857.473
2050.56    865.572
2058.4    864.265
2057.28    866.529
2059.52    866.721
2029.28    899.249
2065.12    869.222
2019.2    916.318
1971.04    966.59
1960.96    979.102
1468.16    1477.51
1574.56    1373.6
1539.84    1408.36
2001.28    949.171
2078.56    882.187
2080.8    883.472
2043.84    922.436
2074.08    893.42
2085.28    889.288
1969.92    1006.5
1528.64    1450.52
1894.88    1085.42
2012.48    973.995
1575.68    1411.42
2025.92    969.332
2094.24    903.58
2066.24    932.537
1986.72    1016.49
2100.96    902.393
2106.56    902.369
2037.12    974.195
2067.36    946.145
2097.6    916.94
2075.2    941.115
2036    981.38
1588    1430.93
2103.2    919.161
2079.68    946.646
2104.32    923.23
2044.96    984.752
1605.92    1438.27
2083.04    979.628
2114.4    960.532
1294.56    1783.38
1586.88    1493.44
1581.28    1513.1
1982.24    1113.05
2090.88    1010.67
2095.36    1007.35
2069.6    1038.35
2089.76    1023.2
1306.88    1813.37
1249.76    1877.98
1566.72    1575.03
1659.68    1492.46
1213.92    1955.56
1674.24    1497.11
1680.96    1497.49
2062.88    1122.37
2099.84    1102.47
1698.88    1522.12
1666.4    1556.08
2108.8    1121.2
1636.16    1603.57
1656.32    1585.37
2028.16    1225.2
1725.76    1561.06
1598.08    1695.7
1639.52    1655.59
1675.36    1629.11
1379.68    1948.88
1702.24    1635.57
1694.4    1673.15
1756    1628.36
1687.68    1719.36
1782.88    1626.84
1790.72    1652.98
1778.4    1683.7
1836.64    1675.12
1827.68    1693.51
1434.56    2109.69
1464.8    2094.51
1845.6    1715.18
1817.6    1750.77
1861.28    1707.18
1719.04    1853.81
1863.52    1724.15
1873.6    1723.78
1823.2    1778.44
1852.32    1751.88
1871.36    1733.8
1855.68    1750.62
1887.04    1734.42
1915.04    1777.71
1813.12    1883.35
1757.12    1966.8
1910.56    1814.51
1882.56    1850.46
1890.4    1856.44
1932.96    1831.14
1857.92    1933.1
1828.8    1969.75
1407.68    2392.25
1931.84    1879.77
1956.48    1857.76
1977.76    1852.52
1919.52    1922.11
1980    1871.78
1893.76    1984.76
2005.76    1891.43
1948.64    1992.4
2033.76    1916.24
1232.96    2735.72
1280    2695.64
