0    26.296
2.24    27.488
4.48    28.68
6.72    29.872
8.96    31.064
11.2    32.256
13.44    33.448
15.68    34.64
17.92    35.832
20.16    37.024
22.4    38.216
24.64    39.408
26.88    40.6
29.12    41.792
31.36    42.984
33.6    44.176
35.84    45.368
38.08    46.56
40.32    47.752
42.56    48.944
44.8    50.136
47.04    51.328
49.28    52.52
51.52    53.712
53.76    54.904
56    56.096
58.24    57.288
60.48    58.48
62.72    59.672
64.96    60.864
67.2    62.056
69.44    63.248
71.68    64.44
73.92    65.632
76.16    66.824
78.4    68.016
80.64    69.208
82.88    70.4
85.12    71.592
87.36    72.784
89.6    73.976
91.84    75.168
94.08    76.36
96.32    77.552
98.56    78.744
100.8    79.936
103.04    81.128
105.28    82.32
107.52    83.512
109.76    84.704
112    85.896
114.24    87.088
116.48    88.28
118.72    89.472
120.96    90.664
123.2    91.856
125.44    93.048
127.68    94.24
129.92    95.432
132.16    96.624
134.4    97.816
136.64    99.008
138.88    100.2
141.12    101.392
143.36    102.584
145.6    103.776
147.84    104.968
150.08    106.16
152.32    107.352
154.56    108.544
156.8    109.736
159.04    110.928
161.28    112.12
163.52    113.312
165.76    114.504
168    115.696
170.24    116.888
172.48    118.08
174.72    119.272
176.96    120.464
179.2    121.656
181.44    122.848
183.68    124.04
185.92    125.232
188.16    126.424
190.4    127.616
192.64    128.808
194.88    130
197.12    131.192
199.36    132.384
201.6    133.576
203.84    134.768
206.08    135.96
208.32    137.152
210.56    138.344
212.8    139.536
215.04    140.728
217.28    140.776
219.52    140.824
221.76    140.872
224    140.92
226.24    140.968
228.48    141.016
230.72    141.064
232.96    141.112
235.2    141.16
237.44    141.208
239.68    141.256
241.92    141.304
244.16    141.352
246.4    141.4
248.64    141.448
250.88    141.496
253.12    141.544
255.36    141.592
257.6    142.784
259.84    141.688
262.08    141.736
264.32    141.784
266.56    141.832
268.8    141.88
271.04    141.928
273.28    141.976
275.52    142.024
277.76    142.072
280    142.12
282.24    142.168
284.48    142.216
286.72    142.264
288.96    142.312
291.2    142.36
293.44    142.408
295.68    142.456
297.92    142.504
300.16    142.552
302.4    142.6
304.64    143.792
306.88    142.696
309.12    142.744
311.36    142.792
313.6    142.84
315.84    142.888
318.08    142.936
320.32    142.984
322.56    143.032
324.8    143.08
327.04    143.128
329.28    143.176
331.52    143.224
333.76    143.272
336    143.32
338.24    143.368
340.48    143.416
342.72    143.464
344.96    143.512
347.2    143.56
349.44    143.608
351.68    144.8
353.92    143.704
356.16    143.752
358.4    143.8
360.64    143.848
362.88    143.896
365.12    143.944
367.36    143.992
369.6    144.04
371.84    144.088
374.08    144.136
376.32    144.184
378.56    144.232
380.8    144.28
383.04    144.328
385.28    144.376
387.52    144.424
389.76    144.472
392    144.52
394.24    144.568
396.48    144.616
398.72    145.808
400.96    144.712
403.2    144.76
405.44    144.808
407.68    144.856
409.92    144.904
412.16    144.952
414.4    145
416.64    145.048
418.88    145.096
421.12    145.144
423.36    145.192
425.6    145.24
427.84    145.288
430.08    145.336
432.32    145.384
434.56    145.432
436.8    145.48
439.04    145.528
441.28    145.576
443.52    145.624
445.76    146.816
448    145.72
450.24    145.768
452.48    145.816
454.72    145.864
456.96    145.912
459.2    145.96
461.44    146.008
463.68    146.056
465.92    146.104
468.16    146.152
470.4    146.2
472.64    146.248
474.88    146.296
477.12    146.344
479.36    146.392
481.6    146.44
483.84    146.488
486.08    146.536
488.32    146.584
490.56    146.632
492.8    147.824
495.04    146.728
497.28    146.776
499.52    146.824
501.76    146.872
504    146.92
508.48    144.728
510.72    144.776
512.96    144.824
515.2    144.872
517.44    144.92
519.68    144.968
521.92    145.016
524.16    145.064
526.4    145.112
528.64    145.16
530.88    145.208
533.12    145.256
535.36    145.304
537.6    145.352
539.84    146.544
542.08    145.448
544.32    145.496
546.56    145.544
548.8    145.592
551.04    145.64
553.28    145.688
555.52    145.736
557.76    145.784
560    145.832
562.24    145.88
564.48    145.928
566.72    145.976
568.96    146.024
571.2    146.072
573.44    146.12
575.68    146.168
577.92    146.216
580.16    146.264
582.4    146.312
584.64    146.36
586.88    147.552
589.12    146.456
591.36    146.504
593.6    146.552
595.84    146.6
598.08    146.648
600.32    146.696
602.56    146.744
604.8    146.792
607.04    146.84
609.28    146.888
611.52    146.936
616    144.744
618.24    144.792
620.48    144.84
622.72    144.888
624.96    144.936
627.2    144.984
629.44    145.032
631.68    145.08
633.92    145.128
636.16    146.32
638.4    145.224
640.64    145.272
642.88    145.32
645.12    145.368
647.36    145.416
649.6    145.464
651.84    145.512
654.08    145.56
656.32    145.608
658.56    145.656
660.8    145.704
663.04    145.752
665.28    145.8
667.52    145.848
669.76    145.896
672    145.944
674.24    145.992
676.48    146.04
678.72    146.088
680.96    146.136
683.2    147.328
685.44    146.232
687.68    146.28
689.92    146.328
692.16    146.376
694.4    146.424
696.64    146.472
698.88    146.52
701.12    146.568
703.36    146.616
705.6    146.664
707.84    146.712
710.08    146.76
712.32    146.808
714.56    146.856
716.8    146.904
721.28    144.712
723.52    144.76
725.76    144.808
728    144.856
730.24    144.904
732.48    146.096
734.72    145
736.96    145.048
739.2    145.096
741.44    145.144
743.68    145.192
745.92    145.24
748.16    145.288
750.4    145.336
752.64    145.384
754.88    145.432
757.12    145.48
759.36    145.528
761.6    145.576
763.84    145.624
766.08    145.672
768.32    145.72
770.56    145.768
772.8    145.816
775.04    145.864
777.28    145.912
779.52    147.104
781.76    146.008
784    146.056
786.24    146.104
788.48    146.152
790.72    146.2
792.96    146.248
795.2    146.296
797.44    146.344
799.68    146.392
801.92    146.44
804.16    146.488
806.4    146.536
808.64    146.584
810.88    146.632
813.12    146.68
815.36    146.728
817.6    146.776
819.84    146.824
822.08    146.872
824.32    148.064
828.8    144.728
831.04    144.776
833.28    144.824
835.52    144.872
837.76    144.92
840    144.968
842.24    145.016
844.48    145.064
846.72    145.112
848.96    145.16
851.2    145.208
853.44    145.256
855.68    145.304
857.92    145.352
860.16    145.4
862.4    145.448
864.64    145.496
866.88    145.544
869.12    145.592
871.36    145.64
873.6    146.832
875.84    145.736
878.08    145.784
880.32    145.832
882.56    145.88
884.8    145.928
887.04    145.976
889.28    146.024
891.52    146.072
893.76    146.12
896    146.168
898.24    146.216
900.48    146.264
902.72    146.312
904.96    146.36
907.2    146.408
909.44    146.456
911.68    146.504
913.92    146.552
916.16    146.6
918.4    146.648
920.64    147.84
922.88    146.744
925.12    146.792
927.36    146.84
929.6    146.888
931.84    146.936
936.32    144.744
938.56    144.792
940.8    144.84
943.04    144.888
945.28    144.936
947.52    144.984
949.76    145.032
952    145.08
954.24    145.128
956.48    145.176
958.72    145.224
960.96    145.272
963.2    145.32
965.44    145.368
967.68    145.416
969.92    146.608
972.16    145.512
974.4    145.56
976.64    145.608
978.88    145.656
981.12    145.704
983.36    145.752
985.6    145.8
987.84    145.848
990.08    145.896
992.32    145.944
994.56    145.992
996.8    146.04
999.04    146.088
1001.28    146.136
1003.52    146.184
1005.76    146.232
1008    146.28
1010.24    146.328
1012.48    146.376
1014.72    146.424
1016.96    147.616
1019.2    146.52
1021.44    146.568
1023.68    146.616
1025.92    146.664
1028.16    146.712
1030.4    146.76
1032.64    146.808
1034.88    146.856
1037.12    146.904
1041.6    144.712
1043.84    144.76
1046.08    144.808
1048.32    144.856
1050.56    144.904
1052.8    144.952
1055.04    145
1057.28    145.048
1059.52    145.096
1061.76    145.144
1064    145.192
1066.24    146.384
1068.48    145.288
1070.72    145.336
1072.96    145.384
1075.2    145.432
1077.44    145.48
1079.68    145.528
1081.92    145.576
1084.16    145.624
1086.4    145.672
1088.64    145.72
1090.88    145.768
1093.12    145.816
1095.36    145.864
1097.6    145.912
1099.84    145.96
1102.08    146.008
1104.32    146.056
1106.56    146.104
1108.8    146.152
1111.04    147.344
1113.28    146.248
1115.52    146.296
1117.76    146.344
1120    146.392
1122.24    146.44
1124.48    146.488
1126.72    146.536
1128.96    146.584
1131.2    146.632
1133.44    146.68
1135.68    146.728
1137.92    146.776
1140.16    146.824
1142.4    146.872
1144.64    146.92
1149.12    144.728
1151.36    144.776
1153.6    144.824
1155.84    144.872
1158.08    144.92
1160.32    146.112
1162.56    145.016
1164.8    145.064
1167.04    145.112
1169.28    145.16
1171.52    145.208
1173.76    145.256
1176    145.304
1178.24    145.352
1180.48    145.4
1182.72    145.448
1184.96    145.496
1187.2    145.544
1189.44    145.592
1191.68    145.64
1193.92    145.688
1196.16    145.736
1198.4    145.784
1200.64    145.832
1202.88    145.88
1205.12    145.928
1207.36    147.12
1209.6    146.024
1211.84    146.072
1214.08    146.12
1216.32    146.168
1218.56    146.216
1220.8    146.264
1223.04    146.312
1225.28    146.36
1227.52    146.408
1229.76    146.456
1232    146.504
1234.24    146.552
1236.48    146.6
1238.72    146.648
1240.96    146.696
1243.2    146.744
1245.44    146.792
1247.68    146.84
1249.92    146.888
1252.16    146.936
1256.64    145.888
1258.88    144.792
1261.12    144.84
1263.36    144.888
1265.6    144.936
1267.84    144.984
1270.08    145.032
1272.32    145.08
1274.56    145.128
1276.8    145.176
1279.04    145.224
1281.28    145.272
1283.52    145.32
1285.76    145.368
1288    145.416
1290.24    145.464
1292.48    145.512
1294.72    145.56
1296.96    145.608
1299.2    145.656
1301.44    145.704
1303.68    146.896
1305.92    145.8
1308.16    145.848
1310.4    145.896
1312.64    145.944
1314.88    145.992
1317.12    146.04
1319.36    146.088
1321.6    146.136
1323.84    146.184
1326.08    146.232
1328.32    146.28
1330.56    146.328
1332.8    146.376
1335.04    146.424
1337.28    146.472
1339.52    146.52
1341.76    146.568
1344    146.616
1346.24    146.664
1348.48    146.712
1350.72    147.904
1352.96    146.808
1355.2    146.856
1357.44    146.904
1361.92    144.712
1364.16    144.76
1366.4    144.808
1368.64    144.856
1370.88    144.904
1373.12    144.952
1375.36    145
1377.6    145.048
1379.84    145.096
1382.08    145.144
1384.32    145.192
1386.56    145.24
1388.8    145.288
1391.04    145.336
1393.28    145.384
1395.52    145.432
1397.76    146.624
1400    145.528
1402.24    145.576
1404.48    145.624
1406.72    145.672
1408.96    145.72
1411.2    145.768
1413.44    145.816
1415.68    145.864
1417.92    145.912
1420.16    145.96
1422.4    146.008
1424.64    146.056
1426.88    146.104
1429.12    146.152
1431.36    146.2
1433.6    146.248
1435.84    146.296
1438.08    146.344
1440.32    146.392
1442.56    146.44
1444.8    147.632
1447.04    146.536
1449.28    146.584
1451.52    146.632
1453.76    146.68
1456    146.728
1458.24    146.776
1460.48    146.824
1462.72    146.872
1464.96    146.92
1469.44    144.728
1471.68    144.776
1473.92    144.824
1476.16    144.872
1478.4    144.92
1480.64    144.968
1482.88    145.016
1485.12    145.064
1487.36    145.112
1489.6    145.16
1491.84    145.208
1494.08    146.4
1496.32    145.304
1498.56    145.352
1500.8    145.4
1503.04    145.448
1505.28    145.496
1507.52    145.544
1509.76    145.592
1512    145.64
1514.24    145.688
1516.48    145.736
1518.72    145.784
1520.96    145.832
1523.2    145.88
1525.44    145.928
1527.68    145.976
1529.92    146.024
1532.16    146.072
1534.4    146.12
1536.64    146.168
1538.88    146.216
1541.12    147.408
1543.36    146.312
1545.6    146.36
1547.84    146.408
1550.08    146.456
1552.32    146.504
1554.56    146.552
1556.8    146.6
1559.04    146.648
1561.28    146.696
1563.52    146.744
1565.76    146.792
1568    146.84
1570.24    146.888
1572.48    146.936
1576.96    144.744
1579.2    144.792
1581.44    144.84
1583.68    144.888
1585.92    144.936
1588.16    144.984
1590.4    146.176
1592.64    145.08
1594.88    145.128
1597.12    145.176
1599.36    145.224
1601.6    145.272
1603.84    145.32
1606.08    145.368
1608.32    145.416
1610.56    145.464
1612.8    145.512
1615.04    145.56
1617.28    145.608
1619.52    145.656
1621.76    145.704
1624    145.752
1626.24    145.8
1628.48    145.848
1630.72    145.896
1632.96    145.944
1635.2    145.992
1637.44    147.184
1639.68    146.088
1641.92    146.136
1644.16    146.184
1646.4    146.232
1648.64    146.28
1650.88    146.328
1653.12    146.376
1655.36    146.424
1657.6    146.472
1659.84    146.52
1662.08    146.568
1664.32    146.616
1666.56    146.664
1668.8    146.712
1671.04    146.76
1673.28    146.808
1675.52    146.856
1677.76    146.904
1682.24    144.712
1684.48    145.904
1686.72    144.808
1688.96    144.856
1691.2    144.904
1693.44    144.952
1695.68    145
1697.92    145.048
1700.16    145.096
1702.4    145.144
1704.64    145.192
1706.88    145.24
1709.12    145.288
1711.36    145.336
1713.6    145.384
1715.84    145.432
1718.08    145.48
1720.32    145.528
1722.56    145.576
1724.8    145.624
1727.04    145.672
1729.28    145.72
1731.52    146.912
1733.76    145.816
1736    145.864
1738.24    145.912
1740.48    145.96
1742.72    146.008
1744.96    146.056
1747.2    146.104
1749.44    146.152
1751.68    146.2
1753.92    146.248
1756.16    146.296
1758.4    146.344
1760.64    146.392
1762.88    146.44
1765.12    146.488
1767.36    146.536
1769.6    146.584
1771.84    146.632
1774.08    146.68
1776.32    146.728
1778.56    147.92
1780.8    146.824
1783.04    146.872
1785.28    146.92
1789.76    144.728
1792    144.776
1794.24    144.824
1796.48    144.872
1798.72    144.92
1800.96    144.968
1803.2    145.016
1805.44    145.064
1807.68    145.112
1809.92    145.16
1812.16    145.208
1814.4    145.256
1816.64    145.304
1818.88    145.352
1821.12    145.4
1823.36    145.448
1825.6    145.496
1827.84    146.688
1830.08    145.592
1832.32    145.64
1834.56    145.688
1836.8    145.736
1839.04    145.784
1841.28    145.832
1843.52    145.88
1845.76    145.928
1848    145.976
1850.24    146.024
1852.48    146.072
1854.72    146.12
1856.96    146.168
1859.2    146.216
1861.44    146.264
1863.68    146.312
1865.92    146.36
1868.16    146.408
1870.4    146.456
1872.64    146.504
1874.88    147.696
1877.12    146.6
1879.36    146.648
1881.6    146.696
1883.84    146.744
1886.08    146.792
1888.32    146.84
1890.56    146.888
1892.8    146.936
1897.28    144.744
1899.52    144.792
1901.76    144.84
1904    144.888
1906.24    144.936
1908.48    144.984
1910.72    145.032
1912.96    145.08
1915.2    145.128
1917.44    145.176
1919.68    145.224
1921.92    145.272
1924.16    146.464
1926.4    145.368
1928.64    145.416
1930.88    145.464
1933.12    145.512
1935.36    145.56
1937.6    145.608
1939.84    145.656
1942.08    145.704
1944.32    145.752
1946.56    145.8
1948.8    145.848
1951.04    145.896
1953.28    145.944
1955.52    145.992
1957.76    146.04
1960    146.088
1962.24    146.136
1964.48    146.184
1966.72    146.232
1968.96    147.424
1971.2    146.328
1973.44    146.376
1975.68    146.424
1977.92    146.472
1980.16    146.52
1982.4    146.568
1984.64    146.616
1986.88    146.664
1989.12    146.712
1991.36    146.76
1993.6    146.808
1995.84    146.856
1998.08    146.904
2002.56    144.712
2004.8    144.76
2007.04    144.808
2009.28    144.856
2011.52    144.904
2013.76    144.952
2016    145
2018.24    146.192
2020.48    145.096
2022.72    145.144
2024.96    145.192
2027.2    145.24
2029.44    145.288
2031.68    145.336
2033.92    145.384
2036.16    145.432
2038.4    145.48
2040.64    145.528
2042.88    145.576
2045.12    145.624
2047.36    145.672
2049.6    145.72
2051.84    145.768
2054.08    145.816
2056.32    145.864
2058.56    145.912
2060.8    145.96
2063.04    146.008
2065.28    147.2
2067.52    146.104
2069.76    146.152
2072    146.2
2074.24    146.248
2076.48    146.296
2078.72    146.344
2080.96    146.392
2083.2    146.44
2085.44    146.488
2087.68    146.536
2089.92    146.584
2092.16    146.632
2094.4    146.68
2096.64    146.728
2098.88    146.776
2101.12    146.824
2103.36    146.872
2105.6    146.92
2110.08    144.728
2112.32    144.776
2114.56    145.968
2116.8    144.872
2119.04    144.92
2121.28    144.968
2123.52    145.016
2125.76    145.064
2128    145.112
2130.24    145.16
2132.48    145.208
2134.72    145.256
2136.96    145.304
2139.2    145.352
2141.44    145.4
2143.68    145.448
2145.92    145.496
2148.16    145.544
2150.4    145.592
2152.64    145.64
2154.88    145.688
2157.12    145.736
2159.36    145.784
2161.6    146.976
2163.84    145.88
2166.08    145.928
2168.32    145.976
2170.56    146.024
2172.8    146.072
2175.04    146.12
2177.28    146.168
2179.52    146.216
2181.76    146.264
2184    146.312
2186.24    146.36
2188.48    146.408
2190.72    146.456
2192.96    146.504
2195.2    146.552
2197.44    146.6
2199.68    146.648
2201.92    146.696
2204.16    146.744
2206.4    146.792
2208.64    147.984
2210.88    146.888
2213.12    146.936
2217.6    144.744
2219.84    144.792
2222.08    144.84
2224.32    144.888
2226.56    144.936
2228.8    144.984
2231.04    145.032
2233.28    145.08
2235.52    145.128
2237.76    145.176
