0    29.872
2.24    31.064
4.48    32.256
6.72    33.448
8.96    34.64
11.2    35.832
13.44    37.024
15.68    38.216
17.92    39.408
20.16    40.6
22.4    41.792
24.64    42.984
26.88    44.176
29.12    45.368
31.36    46.56
33.6    47.752
35.84    48.944
38.08    50.136
40.32    51.328
42.56    52.52
44.8    53.712
47.04    54.904
49.28    56.096
51.52    57.288
53.76    58.48
56    59.672
58.24    60.864
60.48    62.056
62.72    63.248
64.96    64.44
67.2    65.632
69.44    66.824
71.68    68.016
73.92    69.208
76.16    70.4
78.4    71.592
80.64    72.784
82.88    73.976
85.12    75.168
87.36    76.36
89.6    77.552
91.84    78.744
94.08    79.936
96.32    81.128
98.56    82.32
100.8    83.512
103.04    84.704
105.28    85.896
107.52    87.088
109.76    88.28
112    89.472
114.24    90.664
116.48    91.856
118.72    93.048
120.96    94.24
123.2    95.432
125.44    96.624
127.68    97.816
129.92    99.008
132.16    100.2
134.4    101.392
136.64    102.584
138.88    103.776
141.12    104.968
143.36    106.16
145.6    107.352
147.84    108.544
150.08    109.736
152.32    110.928
154.56    112.12
156.8    113.312
159.04    114.504
161.28    115.696
163.52    116.888
165.76    118.08
168    119.272
170.24    120.464
172.48    121.656
174.72    122.848
176.96    124.04
179.2    125.232
181.44    126.424
183.68    127.616
185.92    128.808
188.16    130
190.4    131.192
192.64    132.384
194.88    133.576
197.12    134.768
199.36    135.96
201.6    137.152
203.84    138.344
206.08    139.536
208.32    140.728
210.56    141.92
212.8    143.112
215.04    144.304
217.28    144.352
219.52    144.4
221.76    144.448
224    144.496
226.24    144.544
228.48    144.592
230.72    144.64
232.96    144.688
235.2    144.736
237.44    144.784
239.68    144.832
241.92    144.88
244.16    144.928
246.4    144.976
248.64    145.024
250.88    145.072
253.12    145.12
255.36    145.168
257.6    146.36
259.84    145.264
262.08    145.312
264.32    145.36
266.56    145.408
268.8    145.456
271.04    145.504
273.28    145.552
275.52    145.6
277.76    145.648
280    145.696
282.24    145.744
284.48    145.792
286.72    145.84
288.96    145.888
291.2    145.936
293.44    145.984
295.68    146.032
297.92    146.08
300.16    146.128
302.4    146.176
304.64    147.368
306.88    146.272
309.12    146.32
311.36    146.368
313.6    146.416
315.84    146.464
318.08    146.512
320.32    146.56
322.56    146.608
324.8    146.656
327.04    146.704
329.28    146.752
331.52    146.8
333.76    146.848
336    146.896
338.24    146.944
340.48    146.992
342.72    147.04
344.96    147.088
347.2    147.136
349.44    147.184
351.68    148.376
353.92    147.28
356.16    147.328
358.4    147.376
360.64    147.424
362.88    147.472
365.12    147.52
367.36    147.568
369.6    147.616
371.84    147.664
374.08    147.712
376.32    147.76
378.56    147.808
380.8    147.856
383.04    147.904
385.28    147.952
387.52    148
389.76    148.048
392    148.096
394.24    148.144
396.48    148.192
398.72    149.384
400.96    148.288
403.2    148.336
405.44    148.384
407.68    148.432
409.92    148.48
412.16    148.528
414.4    148.576
416.64    148.624
418.88    148.672
421.12    148.72
423.36    148.768
425.6    148.816
427.84    148.864
430.08    148.912
432.32    148.96
434.56    149.008
436.8    149.056
439.04    149.104
441.28    149.152
443.52    149.2
445.76    150.392
448    149.296
450.24    149.344
452.48    149.392
454.72    149.44
456.96    149.488
459.2    149.536
461.44    149.584
463.68    149.632
465.92    149.68
468.16    149.728
470.4    149.776
472.64    149.824
474.88    149.872
477.12    149.92
479.36    149.968
481.6    150.016
483.84    150.064
486.08    150.112
488.32    150.16
490.56    150.208
495.04    149.16
497.28    148.064
499.52    148.112
501.76    148.16
504    148.208
506.24    148.256
508.48    148.304
510.72    148.352
512.96    148.4
515.2    148.448
517.44    148.496
519.68    148.544
521.92    148.592
524.16    148.64
526.4    148.688
528.64    148.736
530.88    148.784
533.12    148.832
535.36    148.88
537.6    148.928
539.84    150.12
542.08    149.024
544.32    149.072
546.56    149.12
548.8    149.168
551.04    149.216
553.28    149.264
555.52    149.312
557.76    149.36
560    149.408
562.24    149.456
564.48    149.504
566.72    149.552
568.96    149.6
571.2    149.648
573.44    149.696
575.68    149.744
577.92    149.792
580.16    149.84
582.4    149.888
584.64    149.936
586.88    151.128
589.12    150.032
591.36    150.08
593.6    150.128
595.84    150.176
598.08    150.224
602.56    148.032
604.8    148.08
607.04    148.128
609.28    148.176
611.52    148.224
613.76    148.272
616    148.32
618.24    148.368
620.48    148.416
622.72    148.464
624.96    148.512
627.2    148.56
629.44    148.608
631.68    148.656
633.92    148.704
636.16    149.896
638.4    148.8
640.64    148.848
642.88    148.896
645.12    148.944
647.36    148.992
649.6    149.04
651.84    149.088
654.08    149.136
656.32    149.184
658.56    149.232
660.8    149.28
663.04    149.328
665.28    149.376
667.52    149.424
669.76    149.472
672    149.52
674.24    149.568
676.48    149.616
678.72    149.664
680.96    149.712
683.2    150.904
685.44    149.808
687.68    149.856
689.92    149.904
692.16    149.952
694.4    150
696.64    150.048
698.88    150.096
701.12    150.144
703.36    150.192
707.84    148
710.08    148.048
712.32    148.096
714.56    148.144
716.8    148.192
719.04    148.24
721.28    148.288
723.52    148.336
725.76    148.384
728    148.432
730.24    148.48
732.48    149.672
734.72    148.576
736.96    148.624
739.2    148.672
741.44    148.72
743.68    148.768
745.92    148.816
748.16    148.864
750.4    148.912
752.64    148.96
754.88    149.008
757.12    149.056
759.36    149.104
761.6    149.152
763.84    149.2
766.08    149.248
768.32    149.296
770.56    149.344
772.8    149.392
775.04    149.44
777.28    149.488
779.52    150.68
781.76    149.584
784    149.632
786.24    149.68
788.48    149.728
790.72    149.776
792.96    149.824
795.2    149.872
797.44    149.92
799.68    149.968
801.92    150.016
804.16    150.064
806.4    150.112
808.64    150.16
810.88    150.208
815.36    148.016
817.6    148.064
819.84    148.112
822.08    148.16
824.32    148.208
826.56    149.4
828.8    148.304
831.04    148.352
833.28    148.4
835.52    148.448
837.76    148.496
840    148.544
842.24    148.592
844.48    148.64
846.72    148.688
848.96    148.736
851.2    148.784
853.44    148.832
855.68    148.88
857.92    148.928
860.16    148.976
862.4    149.024
864.64    149.072
866.88    149.12
869.12    149.168
871.36    149.216
873.6    150.408
875.84    149.312
878.08    149.36
880.32    149.408
882.56    149.456
884.8    149.504
887.04    149.552
889.28    149.6
891.52    149.648
893.76    149.696
896    149.744
898.24    149.792
900.48    149.84
902.72    149.888
904.96    149.936
907.2    149.984
909.44    150.032
911.68    150.08
913.92    150.128
916.16    150.176
918.4    150.224
922.88    149.176
925.12    148.08
927.36    148.128
929.6    148.176
931.84    148.224
934.08    148.272
936.32    148.32
938.56    148.368
940.8    148.416
943.04    148.464
945.28    148.512
947.52    148.56
949.76    148.608
952    148.656
954.24    148.704
956.48    148.752
958.72    148.8
960.96    148.848
963.2    148.896
965.44    148.944
967.68    148.992
969.92    150.184
972.16    149.088
974.4    149.136
976.64    149.184
978.88    149.232
981.12    149.28
983.36    149.328
985.6    149.376
987.84    149.424
990.08    149.472
992.32    149.52
994.56    149.568
996.8    149.616
999.04    149.664
1001.28    149.712
1003.52    149.76
1005.76    149.808
1008    149.856
1010.24    149.904
1012.48    149.952
1014.72    150
1016.96    151.192
1019.2    150.096
1021.44    150.144
1023.68    150.192
1028.16    148
1030.4    148.048
1032.64    148.096
1034.88    148.144
1037.12    148.192
1039.36    148.24
1041.6    148.288
1043.84    148.336
1046.08    148.384
1048.32    148.432
1050.56    148.48
1052.8    148.528
1055.04    148.576
1057.28    148.624
1059.52    148.672
1061.76    148.72
1064    148.768
1066.24    149.96
1068.48    148.864
1070.72    148.912
1072.96    148.96
1075.2    149.008
1077.44    149.056
1079.68    149.104
1081.92    149.152
1084.16    149.2
1086.4    149.248
1088.64    149.296
1090.88    149.344
1093.12    149.392
1095.36    149.44
1097.6    149.488
1099.84    149.536
1102.08    149.584
1104.32    149.632
1106.56    149.68
1108.8    149.728
1111.04    150.92
1113.28    149.824
1115.52    149.872
1117.76    149.92
1120    149.968
1122.24    150.016
1124.48    150.064
1126.72    150.112
1128.96    150.16
1131.2    150.208
1135.68    148.016
1137.92    148.064
1140.16    148.112
1142.4    148.16
1144.64    148.208
1146.88    148.256
1149.12    148.304
1151.36    148.352
1153.6    148.4
1155.84    148.448
1158.08    148.496
1160.32    149.688
1162.56    148.592
1164.8    148.64
1167.04    148.688
1169.28    148.736
1171.52    148.784
1173.76    148.832
1176    148.88
1178.24    148.928
1180.48    148.976
1182.72    149.024
1184.96    149.072
1187.2    149.12
1189.44    149.168
1191.68    149.216
1193.92    149.264
1196.16    149.312
1198.4    149.36
1200.64    149.408
1202.88    149.456
1205.12    149.504
1207.36    150.696
1209.6    149.6
1211.84    149.648
1214.08    149.696
1216.32    149.744
1218.56    149.792
1220.8    149.84
1223.04    149.888
1225.28    149.936
1227.52    149.984
1229.76    150.032
1232    150.08
1234.24    150.128
1236.48    150.176
1238.72    150.224
1243.2    148.032
1245.44    148.08
1247.68    148.128
1249.92    148.176
1252.16    148.224
1254.4    148.272
1256.64    149.464
1258.88    148.368
1261.12    148.416
1263.36    148.464
1265.6    148.512
1267.84    148.56
1270.08    148.608
1272.32    148.656
1274.56    148.704
1276.8    148.752
1279.04    148.8
1281.28    148.848
1283.52    148.896
1285.76    148.944
1288    148.992
1290.24    149.04
1292.48    149.088
1294.72    149.136
1296.96    149.184
1299.2    149.232
1301.44    149.28
1303.68    150.472
1305.92    149.376
1308.16    149.424
1310.4    149.472
1312.64    149.52
1314.88    149.568
1317.12    149.616
1319.36    149.664
1321.6    149.712
1323.84    149.76
1326.08    149.808
1328.32    149.856
1330.56    149.904
1332.8    149.952
1335.04    150
1337.28    150.048
1339.52    150.096
1341.76    150.144
1344    150.192
1348.48    148
1350.72    148.048
1352.96    149.24
1355.2    148.144
1357.44    148.192
1359.68    148.24
1361.92    148.288
1364.16    148.336
1366.4    148.384
1368.64    148.432
1370.88    148.48
1373.12    148.528
1375.36    148.576
1377.6    148.624
1379.84    148.672
1382.08    148.72
1384.32    148.768
1386.56    148.816
1388.8    148.864
1391.04    148.912
1393.28    148.96
1395.52    149.008
1397.76    150.2
1400    149.104
1402.24    149.152
1404.48    149.2
1406.72    149.248
1408.96    149.296
1411.2    149.344
1413.44    149.392
1415.68    149.44
1417.92    149.488
1420.16    149.536
1422.4    149.584
1424.64    149.632
1426.88    149.68
1429.12    149.728
1431.36    149.776
1433.6    149.824
1435.84    149.872
1438.08    149.92
1440.32    149.968
1442.56    150.016
1444.8    151.208
1447.04    150.112
1449.28    150.16
1451.52    150.208
1456    148.016
1458.24    148.064
1460.48    148.112
1462.72    148.16
1464.96    148.208
1467.2    148.256
1469.44    148.304
1471.68    148.352
1473.92    148.4
1476.16    148.448
1478.4    148.496
1480.64    148.544
1482.88    148.592
1485.12    148.64
1487.36    148.688
1489.6    148.736
1491.84    148.784
1494.08    149.976
1496.32    148.88
1498.56    148.928
1500.8    148.976
1503.04    149.024
1505.28    149.072
1507.52    149.12
1509.76    149.168
1512    149.216
1514.24    149.264
1516.48    149.312
1518.72    149.36
1520.96    149.408
1523.2    149.456
1525.44    149.504
1527.68    149.552
1529.92    149.6
1532.16    149.648
1534.4    149.696
1536.64    149.744
1538.88    149.792
1541.12    150.984
1543.36    149.888
1545.6    149.936
1547.84    149.984
1550.08    150.032
1552.32    150.08
1554.56    150.128
1556.8    150.176
1559.04    150.224
1563.52    148.032
1565.76    148.08
1568    148.128
1570.24    148.176
1572.48    148.224
1574.72    148.272
1576.96    148.32
1579.2    148.368
1581.44    148.416
1583.68    148.464
1585.92    148.512
1588.16    148.56
1590.4    149.752
1592.64    148.656
1594.88    148.704
1597.12    148.752
1599.36    148.8
1601.6    148.848
1603.84    148.896
1606.08    148.944
1608.32    148.992
1610.56    149.04
1612.8    149.088
1615.04    149.136
1617.28    149.184
1619.52    149.232
1621.76    149.28
1624    149.328
1626.24    149.376
1628.48    149.424
1630.72    149.472
1632.96    149.52
1635.2    149.568
1637.44    150.76
1639.68    149.664
1641.92    149.712
1644.16    149.76
1646.4    149.808
1648.64    149.856
1650.88    149.904
1653.12    149.952
1655.36    150
1657.6    150.048
1659.84    150.096
1662.08    150.144
1664.32    150.192
1668.8    148
1671.04    148.048
1673.28    148.096
1675.52    148.144
1677.76    148.192
1680    148.24
1682.24    148.288
1684.48    149.48
1686.72    148.384
1688.96    148.432
1691.2    148.48
1693.44    148.528
1695.68    148.576
1697.92    148.624
1700.16    148.672
1702.4    148.72
1704.64    148.768
1706.88    148.816
1709.12    148.864
1711.36    148.912
1713.6    148.96
1715.84    149.008
1718.08    149.056
1720.32    149.104
1722.56    149.152
1724.8    149.2
1727.04    149.248
1729.28    149.296
1731.52    150.488
1733.76    149.392
1736    149.44
1738.24    149.488
1740.48    149.536
1742.72    149.584
1744.96    149.632
1747.2    149.68
1749.44    149.728
1751.68    149.776
1753.92    149.824
1756.16    149.872
1758.4    149.92
1760.64    149.968
1762.88    150.016
1765.12    150.064
1767.36    150.112
1769.6    150.16
1771.84    150.208
1776.32    148.016
1778.56    148.064
1780.8    149.256
1783.04    148.16
1785.28    148.208
1787.52    148.256
1789.76    148.304
1792    148.352
1794.24    148.4
1796.48    148.448
1798.72    148.496
1800.96    148.544
1803.2    148.592
1805.44    148.64
1807.68    148.688
1809.92    148.736
1812.16    148.784
1814.4    148.832
1816.64    148.88
1818.88    148.928
1821.12    148.976
1823.36    149.024
1825.6    149.072
1827.84    150.264
1830.08    149.168
1832.32    149.216
1834.56    149.264
1836.8    149.312
1839.04    149.36
1841.28    149.408
1843.52    149.456
1845.76    149.504
1848    149.552
1850.24    149.6
1852.48    149.648
1854.72    149.696
1856.96    149.744
1859.2    149.792
1861.44    149.84
1863.68    149.888
1865.92    149.936
1868.16    149.984
1870.4    150.032
1872.64    150.08
1874.88    151.272
1877.12    150.176
1879.36    150.224
1883.84    148.032
1886.08    148.08
1888.32    148.128
1890.56    148.176
1892.8    148.224
1895.04    148.272
1897.28    148.32
1899.52    148.368
1901.76    148.416
1904    148.464
1906.24    148.512
1908.48    148.56
1910.72    148.608
1912.96    148.656
1915.2    148.704
1917.44    148.752
1919.68    148.8
1921.92    148.848
1924.16    150.04
1926.4    148.944
1928.64    148.992
1930.88    149.04
1933.12    149.088
1935.36    149.136
1937.6    149.184
1939.84    149.232
1942.08    149.28
1944.32    149.328
1946.56    149.376
1948.8    149.424
1951.04    149.472
1953.28    149.52
1955.52    149.568
1957.76    149.616
1960    149.664
1962.24    149.712
1964.48    149.76
1966.72    149.808
1968.96    151
1971.2    149.904
1973.44    149.952
1975.68    150
1977.92    150.048
1980.16    150.096
1982.4    150.144
1984.64    150.192
1989.12    148
1991.36    148.048
1993.6    148.096
1995.84    148.144
1998.08    148.192
2000.32    148.24
2002.56    148.288
2004.8    148.336
2007.04    148.384
2009.28    148.432
2011.52    148.48
2013.76    148.528
2016    148.576
2018.24    149.768
2020.48    148.672
2022.72    148.72
2024.96    148.768
2027.2    148.816
2029.44    148.864
2031.68    148.912
2033.92    148.96
2036.16    149.008
2038.4    149.056
2040.64    149.104
2042.88    149.152
2045.12    149.2
2047.36    149.248
2049.6    149.296
2051.84    149.344
2054.08    149.392
2056.32    149.44
2058.56    149.488
2060.8    149.536
2063.04    149.584
2065.28    150.776
2067.52    149.68
2069.76    149.728
2072    149.776
2074.24    149.824
2076.48    149.872
2078.72    149.92
2080.96    149.968
2083.2    150.016
2085.44    150.064
2087.68    150.112
2089.92    150.16
2092.16    150.208
2096.64    148.016
2098.88    148.064
2101.12    148.112
2103.36    148.16
2105.6    148.208
2107.84    148.256
2110.08    148.304
2112.32    148.352
2114.56    149.544
2116.8    148.448
2119.04    148.496
2121.28    148.544
2123.52    148.592
2125.76    148.64
2128    148.688
2130.24    148.736
2132.48    148.784
2134.72    148.832
2136.96    148.88
2139.2    148.928
2141.44    148.976
2143.68    149.024
2145.92    149.072
2148.16    149.12
2150.4    149.168
2152.64    149.216
2154.88    149.264
2157.12    149.312
2159.36    149.36
2161.6    150.552
2163.84    149.456
2166.08    149.504
2168.32    149.552
2170.56    149.6
2172.8    149.648
2175.04    149.696
2177.28    149.744
2179.52    149.792
2181.76    149.84
2184    149.888
2186.24    149.936
2188.48    149.984
2190.72    150.032
2192.96    150.08
2195.2    150.128
2197.44    150.176
2199.68    150.224
2204.16    148.032
2206.4    148.08
2208.64    148.128
2210.88    149.32
2213.12    148.224
2215.36    148.272
2217.6    148.32
2219.84    148.368
2222.08    148.416
2224.32    148.464
2226.56    148.512
2228.8    148.56
2231.04    148.608
2233.28    148.656
2235.52    148.704
2237.76    148.752
