1000    20.228
1001.12    20.228
1002.24    20.228
1003.36    20.228
1004.48    20.228
1005.6    20.228
1006.72    20.228
1007.84    20.228
1008.96    20.228
1010.08    20.228
1011.2    20.228
1012.32    20.228
1013.44    20.228
1014.56    20.228
1015.68    20.228
1016.8    20.228
1017.92    20.228
1019.04    20.228
1020.16    20.228
1021.28    20.228
1022.4    20.228
1023.52    20.228
1024.64    20.228
1025.76    20.228
1026.88    20.228
1028    20.228
1029.12    20.228
1030.24    20.228
1031.36    20.228
1032.48    20.228
1033.6    20.228
1034.72    20.228
1035.84    20.228
1036.96    20.228
1038.08    20.228
1039.2    20.228
1040.32    20.228
1041.44    20.228
1042.56    20.228
1043.68    20.228
1044.8    20.228
1045.92    20.228
1047.04    20.228
1048.16    20.228
1049.28    20.228
1050.4    20.228
1051.52    20.228
1052.64    20.228
1053.76    20.228
1054.88    20.228
1056    20.228
1057.12    20.228
1058.24    20.228
1059.36    20.228
1060.48    20.228
1061.6    20.228
1062.72    20.228
1063.84    20.228
1064.96    20.228
1066.08    20.228
1067.2    20.228
1068.32    20.228
1069.44    20.228
1070.56    20.228
1071.68    20.228
1072.8    20.228
1073.92    20.228
1075.04    20.228
1076.16    20.228
1077.28    20.228
1078.4    20.228
1079.52    20.228
1080.64    20.228
1081.76    20.228
1082.88    20.228
1084    20.228
1085.12    20.228
1086.24    20.228
1087.36    20.228
1088.48    20.228
1089.6    20.228
1090.72    20.228
1091.84    20.228
1092.96    20.228
1094.08    20.228
1095.2    20.228
1096.32    20.228
1097.44    20.228
1098.56    20.228
1099.68    20.228
1100.8    20.228
1101.92    20.228
1103.04    20.228
1104.16    20.228
1105.28    20.228
1106.4    20.228
1107.52    20.228
1108.64    20.228
1109.76    20.228
1110.88    20.228
1112    20.228
1113.12    20.228
1114.24    20.228
1115.36    20.228
1116.48    20.228
1117.6    20.228
1118.72    20.228
1119.84    20.228
1120.96    20.228
1122.08    20.228
1123.2    20.228
1124.32    20.228
1125.44    20.228
1126.56    20.228
1127.68    20.228
1128.8    20.228
1129.92    20.228
1131.04    20.228
1132.16    20.228
1133.28    20.228
1134.4    20.228
1135.52    20.228
1136.64    20.228
1137.76    20.228
1138.88    20.228
1140    20.239
1141.12    20.228
1142.24    20.228
1143.36    20.228
1144.48    20.228
1145.6    20.228
1146.72    20.228
1147.84    20.228
1148.96    20.228
1150.08    20.228
1151.2    20.228
1152.32    20.228
1153.44    20.228
1154.56    20.228
1155.68    20.228
1156.8    20.228
1157.92    20.228
1159.04    20.228
1160.16    20.228
1161.28    20.228
1162.4    20.228
1163.52    20.228
1164.64    20.228
1165.76    20.228
1166.88    20.228
1168    20.228
1169.12    20.228
1170.24    20.228
1171.36    20.228
1172.48    20.228
1173.6    20.228
1174.72    20.228
1175.84    20.228
1176.96    20.228
1178.08    20.228
1179.2    20.228
1180.32    20.228
1181.44    20.228
1182.56    20.228
1183.68    20.228
1184.8    20.228
1185.92    20.228
1187.04    20.228
1188.16    20.228
1189.28    20.228
1190.4    20.228
1191.52    20.228
1192.64    20.228
1193.76    20.228
1194.88    20.228
1196    20.228
1197.12    20.228
1198.24    20.228
1199.36    20.228
1200.48    20.228
1201.6    20.228
1202.72    20.228
1203.84    20.228
1204.96    20.228
1206.08    20.228
1207.2    20.228
1208.32    20.228
1209.44    20.228
1210.56    20.228
1211.68    20.228
1212.8    20.228
1213.92    20.228
1215.04    20.228
1216.16    20.228
1217.28    20.228
1218.4    20.228
1219.52    20.228
1220.64    20.228
1221.76    20.228
1222.88    20.228
1224    20.228
1225.12    20.228
1226.24    20.228
1227.36    20.228
1228.48    20.228
1229.6    20.228
1230.72    20.228
1231.84    20.228
1232.96    20.228
1234.08    20.228
1235.2    20.228
1236.32    20.228
1237.44    20.228
1238.56    20.228
1239.68    20.228
1240.8    20.228
1241.92    20.228
1243.04    20.228
1244.16    20.228
1245.28    20.228
1246.4    20.228
1247.52    20.228
1248.64    20.228
1249.76    20.228
1250.88    20.228
1252    20.228
1253.12    20.228
1254.24    20.228
1255.36    20.228
1256.48    20.228
1257.6    20.228
1258.72    20.228
1259.84    20.228
1260.96    20.228
1262.08    20.228
1263.2    20.228
1264.32    20.228
1265.44    20.228
1266.56    20.228
1267.68    20.228
1268.8    20.228
1269.92    20.228
1271.04    20.228
1272.16    20.228
1273.28    20.228
1274.4    20.228
1275.52    20.228
1276.64    20.228
1277.76    20.228
1278.88    20.228
1280    20.239
1281.12    20.228
1282.24    20.228
1283.36    20.228
1284.48    20.228
1285.6    20.228
1286.72    20.228
1287.84    20.228
1288.96    20.228
1290.08    20.228
1291.2    20.228
1292.32    20.228
1293.44    20.228
1294.56    20.228
1295.68    20.228
1296.8    20.228
1297.92    20.228
1299.04    20.228
1300.16    20.228
1301.28    20.228
1302.4    20.228
1303.52    20.228
1304.64    20.228
1305.76    20.228
1306.88    20.228
1308    20.228
1309.12    20.228
1310.24    20.228
1311.36    20.228
1312.48    20.228
1313.6    20.228
1314.72    20.228
1315.84    20.228
1316.96    20.228
1318.08    20.228
1319.2    20.228
1320.32    20.228
1321.44    20.228
1322.56    20.228
1323.68    20.228
1324.8    20.228
1325.92    20.228
1327.04    20.228
1328.16    20.228
1329.28    20.228
1330.4    20.228
1331.52    20.228
1332.64    20.228
1333.76    20.228
1334.88    20.228
1336    20.228
1337.12    20.228
1338.24    20.228
1339.36    20.228
1340.48    20.228
1341.6    20.228
1342.72    20.228
1343.84    20.228
1344.96    20.228
1346.08    20.228
1347.2    20.228
1348.32    20.228
1349.44    20.228
1350.56    20.228
1351.68    20.228
1352.8    20.228
1353.92    20.228
1355.04    20.228
1356.16    20.228
1357.28    20.228
1358.4    20.228
1359.52    20.228
1360.64    20.228
1361.76    20.228
1362.88    20.228
1364    20.228
1365.12    20.228
1366.24    20.228
1367.36    20.228
1368.48    20.228
1369.6    20.228
1370.72    20.228
1371.84    20.228
1372.96    20.228
1374.08    20.228
1375.2    20.228
1376.32    20.228
1377.44    20.228
1378.56    20.228
1379.68    20.228
1380.8    20.228
1381.92    20.228
1383.04    20.228
1384.16    20.228
1385.28    20.228
1386.4    20.228
1387.52    20.228
1388.64    20.228
1389.76    20.228
1390.88    20.228
1392    20.228
1393.12    20.228
1394.24    20.228
1395.36    20.228
1396.48    20.228
1397.6    20.228
1398.72    20.228
1399.84    20.228
1400.96    20.228
1402.08    20.228
1403.2    20.228
1404.32    20.228
1405.44    20.228
1406.56    20.228
1407.68    20.228
1408.8    20.228
1409.92    20.228
1411.04    20.228
1412.16    20.228
1413.28    20.228
1414.4    20.228
1415.52    20.228
1416.64    20.228
1417.76    20.228
1418.88    20.228
1420    20.239
1421.12    20.228
1422.24    20.228
1423.36    20.228
1424.48    20.228
1425.6    20.228
1426.72    20.228
1427.84    20.228
1428.96    20.228
1430.08    20.228
1431.2    20.228
1432.32    20.228
1433.44    20.228
1434.56    20.228
1435.68    20.228
1436.8    20.228
1437.92    20.228
1439.04    20.228
1440.16    20.228
1441.28    20.228
1442.4    20.228
1443.52    20.228
1444.64    20.228
1445.76    20.228
1446.88    20.228
1448    20.228
1449.12    20.228
1450.24    20.228
1451.36    20.228
1452.48    20.228
1453.6    20.228
1454.72    20.228
1455.84    20.228
1456.96    20.228
1458.08    20.228
1459.2    20.228
1460.32    20.228
1461.44    20.228
1462.56    20.228
1463.68    20.228
1464.8    20.228
1465.92    20.228
1467.04    20.228
1468.16    20.228
1469.28    20.228
1470.4    20.228
1471.52    20.228
1472.64    20.228
1473.76    20.228
1474.88    20.228
1476    20.228
1477.12    20.228
1478.24    20.228
1479.36    20.228
1480.48    20.228
1481.6    20.228
1482.72    20.228
1483.84    20.228
1484.96    20.228
1486.08    20.228
1487.2    20.228
1488.32    20.228
1489.44    20.228
1490.56    20.228
1491.68    20.228
1492.8    20.228
1493.92    20.228
1495.04    20.228
1496.16    20.228
1497.28    20.228
1498.4    20.228
1499.52    20.228
1500.64    20.228
1501.76    20.228
1502.88    20.228
1504    20.228
1505.12    20.228
1506.24    20.228
1507.36    20.228
1508.48    20.228
1509.6    20.228
1510.72    20.228
1511.84    20.228
1512.96    20.228
1514.08    20.228
1515.2    20.228
1516.32    20.228
1517.44    20.228
1518.56    20.228
1519.68    20.228
1520.8    20.228
1521.92    20.228
1523.04    20.228
1524.16    20.228
1525.28    20.228
1526.4    20.228
1527.52    20.228
1528.64    20.228
1529.76    20.228
1530.88    20.228
1532    20.228
1533.12    20.228
1534.24    20.228
1535.36    20.228
1536.48    20.228
1537.6    20.228
1538.72    20.228
1539.84    20.228
1540.96    20.228
1542.08    20.228
1543.2    20.228
1544.32    20.228
1545.44    20.228
1546.56    20.228
1547.68    20.228
1548.8    20.228
1549.92    20.228
1551.04    20.228
1552.16    20.228
1553.28    20.228
1554.4    20.228
1555.52    20.228
1556.64    20.228
1557.76    20.228
1558.88    20.228
1560    20.239
1561.12    20.228
1562.24    20.228
1563.36    20.228
1564.48    20.228
1565.6    20.228
1566.72    20.228
1567.84    20.228
1568.96    20.228
1570.08    20.228
1571.2    20.228
1572.32    20.228
1573.44    20.228
1574.56    20.228
1575.68    20.228
1576.8    20.228
1577.92    20.228
1579.04    20.228
1580.16    20.228
1581.28    20.228
1582.4    20.228
1583.52    20.228
1584.64    20.228
1585.76    20.228
1586.88    20.228
1588    20.228
1589.12    20.228
1590.24    20.228
1591.36    20.228
1592.48    20.228
1593.6    20.228
1594.72    20.228
1595.84    20.228
1596.96    20.228
1598.08    20.228
1599.2    20.228
1600.32    20.228
1601.44    20.228
1602.56    20.228
1603.68    20.228
1604.8    20.228
1605.92    20.228
1607.04    20.228
1608.16    20.228
1609.28    20.228
1610.4    20.228
1611.52    20.228
1612.64    20.228
1613.76    20.228
1614.88    20.228
1616    20.228
1617.12    20.228
1618.24    20.228
1619.36    20.228
1620.48    20.228
1621.6    20.228
1622.72    20.228
1623.84    20.228
1624.96    20.228
1626.08    20.228
1627.2    20.228
1628.32    20.228
1629.44    20.228
1630.56    20.228
1631.68    20.228
1632.8    20.228
1633.92    20.228
1635.04    20.228
1636.16    20.228
1637.28    20.228
1638.4    20.228
1639.52    20.228
1640.64    20.228
1641.76    20.228
1642.88    20.228
1644    20.228
1645.12    20.228
1646.24    20.228
1647.36    20.228
1648.48    20.228
1649.6    20.228
1650.72    20.228
1651.84    20.228
1652.96    20.228
1654.08    20.228
1655.2    20.228
1656.32    20.228
1657.44    20.228
1658.56    20.228
1659.68    20.228
1660.8    20.228
1661.92    20.228
1663.04    20.228
1664.16    20.228
1665.28    20.228
1666.4    20.228
1667.52    20.228
1668.64    20.228
1669.76    20.228
1670.88    20.228
1672    20.228
1673.12    20.228
1674.24    20.228
1675.36    20.228
1676.48    20.228
1677.6    20.228
1678.72    20.228
1679.84    20.228
1680.96    20.228
1682.08    20.228
1683.2    20.228
1684.32    20.228
1685.44    20.228
1686.56    20.228
1687.68    20.228
1688.8    20.228
1689.92    20.228
1691.04    20.228
1692.16    20.228
1693.28    20.228
1694.4    20.228
1695.52    20.228
1696.64    20.228
1697.76    20.228
1698.88    20.228
1700    20.239
1701.12    20.228
1702.24    20.228
1703.36    20.228
1704.48    20.228
1705.6    20.228
1706.72    20.228
1707.84    20.228
1708.96    20.228
1710.08    20.228
1711.2    20.228
1712.32    20.228
1713.44    20.228
1714.56    20.228
1715.68    20.228
1716.8    20.228
1717.92    20.228
1719.04    20.228
1720.16    20.228
1721.28    20.228
1722.4    20.228
1723.52    20.228
1724.64    20.228
1725.76    20.228
1726.88    20.228
1728    20.228
1729.12    20.228
1730.24    20.228
1731.36    20.228
1732.48    20.228
1733.6    20.228
1734.72    20.228
1735.84    20.228
1736.96    20.228
1738.08    20.228
1739.2    20.228
1740.32    20.228
1741.44    20.228
1742.56    20.228
1743.68    20.228
1744.8    20.228
1745.92    20.228
1747.04    20.228
1748.16    20.228
1749.28    20.228
1750.4    20.228
1751.52    20.228
1752.64    20.228
1753.76    20.228
1754.88    20.228
1756    20.228
1757.12    20.228
1758.24    20.228
1759.36    20.228
1760.48    20.228
1761.6    20.228
1762.72    20.228
1763.84    20.228
1764.96    20.228
1766.08    20.228
1767.2    20.228
1768.32    20.228
1769.44    20.228
1770.56    20.228
1771.68    20.228
1772.8    20.228
1773.92    20.228
1775.04    20.228
1776.16    20.228
1777.28    20.228
1778.4    20.228
1779.52    20.228
1780.64    20.228
1781.76    20.228
1782.88    20.228
1784    20.228
1785.12    20.228
1786.24    20.228
1787.36    20.228
1788.48    20.228
1789.6    20.228
1790.72    20.228
1791.84    20.228
1792.96    20.228
1794.08    20.228
1795.2    20.228
1796.32    20.228
1797.44    20.228
1798.56    20.228
1799.68    20.228
1800.8    20.228
1801.92    20.228
1803.04    20.228
1804.16    20.228
1805.28    20.228
1806.4    20.228
1807.52    20.228
1808.64    20.228
1809.76    20.228
1810.88    20.228
1812    20.228
1813.12    20.228
1814.24    20.228
1815.36    20.228
1816.48    20.228
1817.6    20.228
1818.72    20.228
1819.84    20.228
1820.96    20.228
1822.08    20.228
1823.2    20.228
1824.32    20.228
1825.44    20.228
1826.56    20.228
1827.68    20.228
1828.8    20.228
1829.92    20.228
1831.04    20.228
1832.16    20.228
1833.28    20.228
1834.4    20.228
1835.52    20.228
1836.64    20.228
1837.76    20.228
1838.88    20.228
1840    20.239
1841.12    20.228
1842.24    20.228
1843.36    20.228
1844.48    20.228
1845.6    20.228
1846.72    20.228
1847.84    20.228
1848.96    20.228
1850.08    20.228
1851.2    20.228
1852.32    20.228
1853.44    20.228
1854.56    20.228
1855.68    20.228
1856.8    20.228
1857.92    20.228
1859.04    20.228
1860.16    20.228
1861.28    20.228
1862.4    20.228
1863.52    20.228
1864.64    20.228
1865.76    20.228
1866.88    20.228
1868    20.228
1869.12    20.228
1870.24    20.228
1871.36    20.228
1872.48    20.228
1873.6    20.228
1874.72    20.228
1875.84    20.228
1876.96    20.228
1878.08    20.228
1879.2    20.228
1880.32    20.228
1881.44    20.228
1882.56    20.228
1883.68    20.228
1884.8    20.228
1885.92    20.228
1887.04    20.228
1888.16    20.228
1889.28    20.228
1890.4    20.228
1891.52    20.228
1892.64    20.228
1893.76    20.228
1894.88    20.228
1896    20.228
1897.12    20.228
1898.24    20.228
1899.36    20.228
1900.48    20.228
1901.6    20.228
1902.72    20.228
1903.84    20.228
1904.96    20.228
1906.08    20.228
1907.2    20.228
1908.32    20.228
1909.44    20.228
1910.56    20.228
1911.68    20.228
1912.8    20.228
1913.92    20.228
1915.04    20.228
1916.16    20.228
1917.28    20.228
1918.4    20.228
1919.52    20.228
1920.64    20.228
1921.76    20.228
1922.88    20.228
1924    20.228
1925.12    20.228
1926.24    20.228
1927.36    20.228
1928.48    20.228
1929.6    20.228
1930.72    20.228
1931.84    20.228
1932.96    20.228
1934.08    20.228
1935.2    20.228
1936.32    20.228
1937.44    20.228
1938.56    20.228
1939.68    20.228
1940.8    20.228
1941.92    20.228
1943.04    20.228
1944.16    20.228
1945.28    20.228
1946.4    20.228
1947.52    20.228
1948.64    20.228
1949.76    20.228
1950.88    20.228
1952    20.228
1953.12    20.228
1954.24    20.228
1955.36    20.228
1956.48    20.228
1957.6    20.228
1958.72    20.228
1959.84    20.228
1960.96    20.228
1962.08    20.228
1963.2    20.228
1964.32    20.228
1965.44    20.228
1966.56    20.228
1967.68    20.228
1968.8    20.228
1969.92    20.228
1971.04    20.228
1972.16    20.228
1973.28    20.228
1974.4    20.228
1975.52    20.228
1976.64    20.228
1977.76    20.228
1978.88    20.228
1980    20.239
1981.12    20.228
1982.24    20.228
1983.36    20.228
1984.48    20.228
1985.6    20.228
1986.72    20.228
1987.84    20.228
1988.96    20.228
1990.08    20.228
1991.2    20.228
1992.32    20.228
1993.44    20.228
1994.56    20.228
1995.68    20.228
1996.8    20.228
1997.92    20.228
1999.04    20.228
2000.16    20.228
2001.28    20.228
2002.4    20.228
2003.52    20.228
2004.64    20.228
2005.76    20.228
2006.88    20.228
2008    20.228
2009.12    20.228
2010.24    20.228
2011.36    20.228
2012.48    20.228
2013.6    20.228
2014.72    20.228
2015.84    20.228
2016.96    20.228
2018.08    20.228
2019.2    20.228
2020.32    20.228
2021.44    20.228
2022.56    20.228
2023.68    20.228
2024.8    20.228
2025.92    20.228
2027.04    20.228
2028.16    20.228
2029.28    20.228
2030.4    20.228
2031.52    20.228
2032.64    20.228
2033.76    20.228
2034.88    20.228
2036    20.228
2037.12    20.228
2038.24    20.228
2039.36    20.228
2040.48    20.228
2041.6    20.228
2042.72    20.228
2043.84    20.228
2044.96    20.228
2046.08    20.228
2047.2    20.228
2048.32    20.228
2049.44    20.228
2050.56    20.228
2051.68    20.228
2052.8    20.228
2053.92    20.228
2055.04    20.228
2056.16    20.228
2057.28    20.228
2058.4    20.228
2059.52    20.228
2060.64    20.228
2061.76    20.228
2062.88    20.228
2064    20.228
2065.12    20.228
2066.24    20.228
2067.36    20.228
2068.48    20.228
2069.6    20.228
2070.72    20.228
2071.84    20.228
2072.96    20.228
2074.08    20.228
2075.2    20.228
2076.32    20.228
2077.44    20.228
2078.56    20.228
2079.68    20.228
2080.8    20.228
2081.92    20.228
2083.04    20.228
2084.16    20.228
2085.28    20.228
2086.4    20.228
2087.52    20.228
2088.64    20.228
2089.76    20.228
2090.88    20.228
2092    20.228
2093.12    20.228
2094.24    20.228
2095.36    20.228
2096.48    20.228
2097.6    20.228
2098.72    20.228
2099.84    20.228
2100.96    20.228
2102.08    20.228
2103.2    20.228
2104.32    20.228
2105.44    20.228
2106.56    20.228
2107.68    20.228
2108.8    20.228
2109.92    20.228
2111.04    20.228
2112.16    20.228
2113.28    20.228
2114.4    20.228
2115.52    20.228
2116.64    20.228
2117.76    20.228
2118.88    20.228
