1000    21.457
1001.12    24.457
1006.72    19.343
1007.84    19.343
1002.24    25.343
1004.48    25.343
1003.36    29.686
1008.96    26.457
1016.8    19.343
1017.92    19.343
1005.6    31.686
1012.32    25.572
1015.68    24.572
1014.56    26.457
1013.44    27.7
1021.28    20.457
1011.2    30.686
1023.52    20.457
1019.04    27.686
1026.88    24.572
1031.36    20.228
1028    25.572
1034.72    19.343
1024.64    29.686
1029.12    25.343
1030.24    24.572
1025.76    29.8
1033.6    25.572
1032.48    27.8
1041.44    19.343
1020.16    41.915
1039.2    23.457
1040.32    22.572
1038.08    25.343
1036.96    27.686
1044.8    20.228
1047.04    20.228
1049.28    19.343
1045.92    26.686
1043.68    29.686
1048.16    26.686
1054.88    22.572
1051.52    26.457
1053.76    25.343
1057.12    22.572
1050.4    29.686
1052.64    27.686
1058.24    22.572
1062.72    19.343
1059.36    24.457
1061.6    22.572
1063.84    22.572
1064.96    24.572
1070.56    19.343
1071.68    20.228
1072.8    20.228
1069.44    24.572
1073.92    20.228
1066.08    28.915
1067.2    29.686
1068.32    29.686
1079.52    24.572
1084    20.228
1080.64    25.343
1082.88    24.572
1078.4    29.686
1076.16    32.915
1081.76    28.8
1086.24    26.457
1085.12    27.686
1087.36    27.686
1095.2    20.457
1091.84    24.572
1096.32    20.228
1088.48    28.8
1089.6    28.686
1100.8    19.343
1094.08    26.572
1097.44    27.697
1099.68    26.457
1107.52    19.343
1098.56    29.686
1101.92    26.572
1105.28    23.457
1104.16    26.457
1103.04    28.572
1109.76    22.572
1110.88    24.572
1115.36    20.228
1106.4    29.686
1108.64    29.686
1122.08    20.228
1123.2    19.343
1117.6    26.457
1116.48    28.572
1119.84    25.343
1125.44    21.457
1120.96    27.686
1124.32    24.572
1126.56    27.572
1135.52    20.228
1127.68    28.686
1136.64    20.228
1133.28    24.572
1128.8    30.686
1129.92    29.686
1131.04    28.915
1134.4    28.686
1144.48    20.457
1137.76    27.686
1141.12    24.572
1142.24    24.572
1146.72    20.228
1143.36    25.343
1145.6    25.343
1147.84    25.343
1152.32    21.457
1148.96    26.457
1150.08    25.343
1151.2    24.572
1153.44    24.457
1159.04    19.343
1154.56    25.343
1161.28    19.343
1155.68    25.572
1157.92    24.572
1156.8    26.457
1160.16    24.572
1168    19.343
1164.64    23.457
1165.76    22.572
1162.4    26.457
1173.6    20.228
1174.72    19.343
1175.84    20.457
1176.96    20.228
1169.12    28.686
1170.24    29.686
1172.48    27.686
1178.08    25.572
1171.36    33.029
1179.2    25.68
1181.44    23.457
1180.32    25.8
1183.68    24.572
1188.16    20.457
1185.92    23.457
1182.56    27.686
1189.28    22.572
1192.64    20.457
1184.8    28.572
1187.04    26.572
1193.76    20.228
1197.12    20.228
1191.52    29.686
1194.88    28.572
1196    27.686
1198.24    25.572
1203.84    20.457
1199.36    25.572
1201.6    25.572
1207.2    20.228
1206.08    24.457
1202.72    29.686
1208.32    25.343
1204.96    29.686
1210.56    24.572
1209.44    26.457
1211.68    24.572
1216.16    20.228
1213.92    22.583
1212.8    24.457
1220.64    20.228
1217.28    26.572
1224    21.457
1225.12    21.457
1215.04    31.8
1218.4    28.572
1229.6    20.228
1226.24    26.572
1228.48    24.572
1232.96    20.228
1231.84    21.463
1230.72    22.697
1237.44    20.228
1234.08    24.572
1235.2    24.572
1236.32    25.343
1243.04    20.228
1238.56    26.572
1240.8    24.572
1245.28    20.228
1241.92    25.343
1247.52    20.228
1244.16    25.343
1252    21.457
1248.64    25.343
1253.12    23.457
1254.24    22.572
1257.6    20.228
1256.48    21.463
1255.36    26.457
1258.72    24.572
1266.56    20.228
1260.96    26.457
1262.08    25.343
1267.68    24.572
1263.2    29.686
1272.16    21.457
1259.84    33.892
1264.32    31.8
1269.92    26.457
1273.28    23.457
1268.8    28.8
1265.44    32.686
1280    21.468
1282.24    19.343
1276.64    26.572
1277.76    26.572
1281.12    24.572
1286.72    20.228
1278.88    28.686
1285.6    25.572
1275.52    35.8
1283.36    28.8
1288.96    23.457
1290.08    23.457
1294.56    20.228
1287.84    29.686
1292.32    26.686
1299.04    20.228
1293.44    26.457
1291.2    31.915
1300.16    25.343
1296.8    29.686
1306.88    20.228
1302.4    25.572
1308    20.228
1301.28    27.686
1305.76    26.457
1313.6    20.228
1310.24    24.572
1304.64    31.686
1312.48    25.343
1318.08    20.457
1311.36    29.686
1315.84    26.457
1322.56    20.228
1323.68    19.343
1316.96    26.686
1320.32    24.457
1321.44    26.457
1319.2    28.812
1328.16    20.457
1332.64    19.343
1327.04    28.686
1336    20.228
1333.76    24.457
1338.24    20.228
1330.4    29.686
1337.12    24.572
1342.72    20.228
1339.36    24.572
1331.52    32.8
1334.88    31.8
1341.6    25.572
1348.32    20.228
1340.48    28.8
1346.08    23.457
1350.56    19.343
1344.96    25.343
1343.84    26.572
1351.68    20.457
1355.04    20.457
1347.2    29.686
1352.8    24.457
1357.28    20.228
1360.64    20.228
1353.92    28.8
1356.16    26.686
1362.88    20.228
1359.52    26.686
1367.36    20.228
1358.4    29.686
1364    24.572
1371.84    22.572
1368.48    26.457
1369.6    25.572
1377.44    20.228
1375.2    23.457
1379.68    20.228
1370.72    29.686
1376.32    24.572
1374.08    29.686
1366.24    38.686
1378.56    26.457
1386.4    20.228
1381.92    25.343
1380.8    29.686
1387.52    26.686
1389.76    24.572
1385.28    29.8
1395.36    20.457
1397.6    20.228
1393.12    25.343
1392    26.686
1398.72    20.228
1402.08    20.457
1383.04    39.915
1399.84    24.457
1400.96    24.572
1406.56    19.343
1403.2    26.572
1413.28    20.228
1411.04    23.457
1415.52    20.228
1414.4    21.463
1407.68    28.8
1412.16    28.8
1416.64    26.457
1423.36    20.228
1417.76    26.8
1421.12    23.457
1422.24    23.457
1425.6    20.228
1420    26.696
1418.88    29.915
1426.72    24.572
1431.2    20.228
1427.84    25.343
1437.92    20.228
1436.8    21.463
1428.96    29.686
1433.44    25.343
1424.48    35.8
1439.04    25.343
1445.76    19.343
1442.4    24.572
1443.52    24.572
1434.56    33.8
1440.16    29.686
1441.28    28.686
1444.64    26.686
1448    24.572
1454.72    21.457
1451.36    25.572
1455.84    23.457
1458.08    22.572
1456.96    25.343
1453.6    29.686
1460.32    25.572
1461.44    24.572
1459.2    28.8
1463.68    25.572
1469.28    21.457
1471.52    19.343
1467.04    24.572
1473.76    20.228
1462.56    31.686
1470.4    24.572
1465.92    29.686
1472.64    26.686
1481.6    20.457
1482.72    19.452
1476    26.457
1474.88    29.686
1486.08    19.343
1488.32    20.228
1479.36    29.686
1491.68    19.343
1487.2    25.572
1493.92    20.228
1484.96    30.915
1492.8    25.572
1498.4    22.572
1497.28    25.572
1500.64    22.583
1499.52    24.572
1490.56    33.8
1504    20.475
1495.04    29.686
1496.16    28.68
1501.76    25.572
1505.12    23.457
1507.36    21.457
1502.88    26.457
1506.24    26.457
1512.96    20.228
1514.08    20.228
1509.6    25.572
1510.72    26.457
1508.48    29.686
1511.84    26.686
1520.8    19.343
1515.2    26.686
1517.44    25.572
1521.92    22.572
1525.28    19.343
1526.4    20.228
1523.04    25.343
1528.64    20.228
1519.68    29.686
1516.32    33.8
1532    19.343
1533.12    21.457
1527.52    27.915
1537.6    20.228
1538.72    19.343
1539.84    20.228
1529.76    30.915
1542.08    24.572
1546.56    20.457
1548.8    19.343
1544.32    24.457
1547.68    21.457
1552.16    19.343
1545.44    27.686
1555.52    19.343
1549.92    28.8
1558.88    20.228
1551.04    29.686
1557.76    23.457
1561.12    20.457
1553.28    29.686
1554.4    28.572
1556.64    26.457
1560    23.468
1566.72    20.228
1563.36    25.572
1565.6    28.68
1574.56    24.457
1575.68    24.572
1581.28    19.343
1571.2    29.686
1576.8    24.572
1573.44    29.686
1577.92    26.457
1579.04    25.344
1585.76    19.343
1580.16    25.572
1584.64    22.583
1583.52    25.572
1591.36    20.228
1586.88    25.343
1592.48    20.228
1588    25.343
1595.84    20.228
1590.24    26.457
1593.6    24.572
1589.12    29.686
1599.2    20.457
1596.96    25.343
1603.68    20.457
1600.32    24.457
1601.44    26.572
1602.56    26.686
1607.04    23.457
1605.92    25.572
1609.28    22.572
1604.8    29.686
1611.52    24.572
1617.12    20.228
1614.88    23.457
1613.76    25.343
1612.64    26.549
1616    26.572
1624.96    19.343
1620.48    25.343
1621.6    25.343
1628.32    20.228
1631.68    20.457
1623.84    29.686
1627.2    26.686
1629.44    25.343
1635.04    20.457
1630.56    27.686
1632.8    28.572
1636.16    25.343
1639.52    22.572
1637.28    25.572
1638.4    24.572
1644    20.228
1642.88    24.457
1641.76    26.457
1646.24    24.457
1650.72    20.228
1649.6    22.572
1647.36    26.572
1652.96    22.572
1651.84    24.572
1654.08    24.572
1656.32    24.572
1659.68    22.572
1655.2    28.572
1658.56    25.343
1657.44    28.572
1660.8    26.457
1664.16    25.572
1667.52    22.572
1672    19.343
1669.76    22.572
1666.4    29.686
1674.24    22.572
1670.88    26.457
1677.6    20.228
1678.72    20.228
1679.84    20.228
1675.36    26.457
1680.96    24.572
1682.08    25.343
1687.68    20.228
1683.2    26.457
1684.32    26.572
1668.64    42.915
1686.56    26.457
1688.8    24.572
1685.44    29.686
1692.16    23.457
1695.52    24.572
1700    20.239
1701.12    19.343
1697.76    24.572
1702.24    20.228
1703.36    19.343
1693.28    29.686
1704.48    20.228
1696.64    28.8
1706.72    20.228
1705.6    25.572
1711.2    21.457
1698.88    34.915
1710.08    25.572
1712.32    26.457
1707.84    31.686
1717.92    22.572
1715.68    26.457
1722.4    20.228
1723.52    21.457
1719.04    28.789
1729.12    19.343
1730.24    19.343
1720.16    29.686
1721.28    28.686
1728    22.572
1734.72    20.228
1733.6    21.463
1731.36    25.343
1726.88    31.686
1736.96    24.572
1738.08    23.566
1742.56    19.343
1741.44    22.583
1744.8    20.228
1739.2    26.457
1743.68    25.343
1745.92    24.572
1753.76    21.457
1756    20.228
1748.16    28.572
1750.4    26.686
1757.12    20.457
1752.64    25.343
1749.28    28.8
1758.24    20.228
1751.52    27.692
1754.88    25.572
1760.48    20.457
1761.6    20.228
1759.36    26.457
1767.2    20.228
1768.32    19.343
1762.72    25.572
1763.84    24.457
1764.96    25.572
1766.08    24.566
1773.92    20.457
1771.68    24.457
1777.28    20.228
1776.16    21.463
1778.4    19.343
1775.04    24.572
1784    20.228
1781.76    23.457
1786.24    19.343
1787.36    20.228
1780.64    27.686
1788.48    20.228
1785.12    26.457
1782.88    29.686
1792.96    20.228
1790.72    25.343
1791.84    26.686
1794.08    25.343
1795.2    24.457
1800.8    22.572
1799.68    24.457
1801.92    23.457
1797.44    28.686
1804.16    24.572
1798.56    30.8
1805.28    24.572
1812    19.343
1807.52    24.566
1808.64    23.457
1806.4    26.686
1803.04    30.8
1810.88    24.572
1815.36    20.228
1813.12    25.572
1819.84    19.343
1817.6    25.572
1827.68    19.343
1825.44    25.343
1823.2    28.8
1834.4    19.343
1829.92    24.572
1826.56    28.686
1832.16    24.572
1836.64    20.228
1828.8    28.8
1838.88    20.457
1833.28    26.457
1835.52    24.572
1841.12    20.228
1837.76    25.343
1842.24    23.457
1848.96    20.457
1840    29.696
1850.08    20.457
1843.36    27.686
1851.2    20.457
1852.32    19.452
1844.48    28.8
1847.84    28.572
1854.56    24.572
1856.8    24.457
1853.44    28.686
1863.52    19.343
1855.68    27.686
1861.28    23.457
1865.76    20.228
1860.16    26.686
1857.92    29.686
1866.88    21.457
1859.04    29.686
1864.64    24.457
1868    24.572
1870.24    28.572
1872.48    27.686
1869.12    31.8
1871.36    29.686
1884.8    19.343
1879.2    25.343
1880.32    24.572
1881.44    24.572
1882.56    23.566
1873.6    35.8
1883.68    26.457
1885.92    24.572
1890.4    20.228
1888.16    24.572
1896    19.343
1893.76    22.572
1887.04    29.686
1892.64    26.457
1894.88    24.572
1898.24    25.572
1900.48    25.343
1899.36    26.577
1901.6    26.457
1909.44    19.343
1906.08    23.457
1907.2    22.572
1910.56    19.343
1904.96    25.572
1902.72    28.8
1908.32    24.572
1912.8    22.572
1916.16    20.457
1915.04    26.572
1918.4    23.457
1917.28    26.457
1920.64    23.457
1924    20.228
1922.88    24.572
1919.52    28.8
1925.12    24.572
1926.24    24.572
1934.08    20.228
1930.72    24.572
1932.96    22.572
1936.32    20.228
1928.48    28.572
1929.6    28.8
1931.84    26.686
1927.36    32.029
1941.92    20.228
1938.56    26.457
1937.44    29.686
1943.04    24.572
1947.52    20.228
1945.28    23.457
1939.68    29.686
1946.4    23.457
1948.64    22.572
1944.16    28.686
1950.88    26.572
1955.36    22.572
1954.24    24.572
1958.72    20.228
1952    29.8
1949.76    32.686
1962.08    24.572
1968.8    19.343
1959.84    29.686
1966.56    25.343
1969.92    23.457
1965.44    28.691
1975.52    20.228
1977.76    20.228
1980    19.353
1960.96    38.8
1971.04    28.915
1973.28    26.686
1974.4    26.457
1963.2    38.686
1976.64    25.343
1981.12    21.457
1983.36    22.583
1984.48    22.572
1978.88    29.686
1990.08    20.228
1985.6    25.343
1991.2    20.228
1993.44    19.343
1982.24    30.915
1987.84    25.429
1988.96    25.572
1994.56    20.228
1995.68    19.343
1992.32    26.457
1999.04    20.228
2000.16    20.228
1996.8    25.572
1997.92    26.457
2005.76    20.228
2001.28    25.343
2006.88    20.457
2003.52    24.457
2002.4    26.457
2008    21.457
2004.64    25.572
2012.48    19.343
2014.72    20.228
2010.24    25.572
2013.6    26.572
2021.44    19.343
2020.32    24.572
2019.2    29.795
2025.92    26.686
2032.64    20.228
2023.68    29.686
2027.04    26.457
2028.16    25.435
2024.8    29.795
2029.28    25.343
2022.56    32.915
2031.52    24.572
2036    20.228
2034.88    24.572
2037.12    26.457
2043.84    20.457
2039.36    26.457
2038.24    29.686
2042.72    27.686
2041.6    29.686
2051.68    20.228
2050.56    21.463
2053.92    19.343
2047.2    26.457
2048.32    25.343
2052.8    24.572
2057.28    20.457
2055.04    25.343
2061.76    19.343
2062.88    20.228
2058.4    29.686
2064    24.457
2065.12    24.572
2069.6    20.228
2066.24    25.343
2076.32    20.228
2070.72    26.686
2071.84    28.572
2074.08    28.68
2078.56    24.572
2077.44    26.686
2075.2    29.686
2080.8    25.343
2083.04    25.343
2081.92    29.686
2086.4    25.572
2087.52    24.457
2089.76    23.457
2093.12    20.228
2085.28    28.8
2084.16    31.8
2090.88    27.686
2092    26.572
2094.24    24.572
2095.36    26.572
2096.48    26.572
2099.84    24.457
2102.08    22.572
2106.56    21.457
2105.44    23.457
2100.96    28.8
2104.32    25.572
2111.04    20.228
2112.16    20.228
2103.2    29.686
2108.8    24.572
2114.4    19.343
2117.76    20.228
2107.68    31.8
2109.92    29.686
2116.64    25.343
2113.28    30.029
