1007.84    24.686
1001.12    42.144
1020.16    23.572
1014.56    30.686
1015.68    29.686
1000    46.08
1019.04    29.686
1016.8    34.8
1029.12    23.629
1032.48    23.572
1012.32    45.915
1034.72    23.629
1028    30.8
1002.24    57.144
1021.28    41.029
1033.6    29.744
1006.72    57.144
1013.44    52.029
1044.8    23.629
1023.52    45.915
1024.64    45.915
1042.56    30.686
1050.4    23.572
1039.2    34.886
1051.52    23.572
1052.64    23.572
1010.08    67.372
1008.96    69.487
1047.04    35.8
1048.16    35.8
1049.28    34.8
1022.4    63.144
1061.6    24.686
1040.32    47.201
1003.36    84.601
1045.92    45.915
1025.76    67.372
1053.76    40.8
1036.96    58.144
1064.96    30.686
1068.32    30.686
1059.36    44.915
1073.92    30.8
1038.08    68.258
1071.68    34.8
1077.28    29.686
1075.04    34.8
1080.64    29.686
1035.84    74.601
1087.36    24.686
1067.2    45.915
1088.48    24.686
1091.84    23.572
1030.24    85.944
1063.84    53.029
1086.24    30.744
1017.92    101.944
1043.68    78.487
1092.96    29.744
1082.88    40.824
1089.6    34.8
1094.08    30.686
1081.76    46.029
1084    44.995
1078.4    52.029
1101.92    30.686
1058.24    74.716
1097.44    35.8
1026.88    107.002
1110.88    23.572
1057.12    78.487
1106.4    34.8
1066.08    75.601
1115.36    29.686
1069.44    79.494
1122.08    30.8
1100.8    52.087
1126.56    30.686
1118.72    40.88
1127.68    34.8
1090.72    72.71
1142.24    23.572
1098.56    69.601
1134.4    34.8
1113.12    56.258
1062.72    107.173
1141.12    29.686
1104.16    68.487
1140    34.808
1144.48    30.8
1114.24    61.258
1129.92    46.115
1124.32    52.029
1150.08    30.686
1156.8    24.686
1060.48    121.288
1103.04    79.487
1148.96    34.8
1056    128.516
1107.52    78.51
1119.84    68.372
1157.92    30.8
1153.44    35.978
1155.68    34.8
1160.16    30.744
1112    80.487
1162.4    30.686
1133.28    61.258
1109.76    85.609
1137.76    58.258
1076.16    121.288
1005.6    194.782
1125.44    75.43
1161.28    40.915
1168    34.8
1070.56    135.402
1171.36    34.8
1175.84    30.687
1095.2    113.059
1072.8    135.745
1135.52    73.601
1180.32    29.686
1138.88    74.716
1184.8    30.686
1136.64    80.487
1181.44    35.81
1182.56    35.8
1172.48    45.995
1152.32    66.454
1079.52    140.054
1159.04    61.316
1105.28    115.19
1031.36    192.432
1189.28    34.8
1194.88    30.686
1201.6    24.686
1132.16    95.944
1199.36    30.8
1147.84    83.704
1099.68    132.516
1054.88    177.431
1191.52    40.915
1198.24    34.8
1116.48    117.288
1203.84    30.686
1193.76    40.915
1154.56    80.716
1164.64    74.601
1123.2    116.288
1217.28    23.572
1085.12    156.317
1212.8    29.686
1004.48    239.576
1185.92    58.25
1169.12    77.487
1151.2    95.88
1173.6    78.487
1221.76    30.8
1207.2    45.915
1222.88    30.686
1192.64    61.353
1218.4    35.8
1204.96    52.029
1117.6    139.711
1234.08    23.572
1229.6    29.744
1176.96    83.601
1197.12    66.372
1211.68    53.107
1170.24    94.753
1188.16    77.487
1165.76    99.944
1206.08    61.258
1238.56    30.686
1228.48    41.029
1041.44    228.347
1145.6    125.508
1208.32    63.567
1190.4    83.716
1174.72    99.83
1230.72    47.029
1146.72    132.469
1231.84    48.201
1235.2    45.915
1011.2    274.251
1196    89.795
1239.68    48.144
1248.64    40.915
1143.36    148.631
1236.32    58.144
1265.44    30.8
1245.28    52.029
1224    73.601
1246.4    52.029
1108.64    190.772
1268.8    30.744
1269.92    29.744
1166.88    134.722
1216.16    85.556
1249.76    52.029
1272.16    29.744
1267.68    34.8
1244.16    63.144
1202.72    104.944
1178.08    130.6
1274.4    34.8
1243.04    66.432
1215.04    95.83
1237.44    73.636
1282.24    30.686
1273.28    42.144
1285.6    30.686
1220.64    95.83
1258.72    58.429
1287.84    29.686
1263.2    55.144
1292.32    29.686
1257.6    65.75
1276.64    48.236
1295.68    29.686
1210.56    116.468
1281.12    47.144
1299.04    30.8
1213.92    116.173
1183.68    147.294
1308    23.572
1275.52    57.144
1309.12    23.658
1225.12    107.888
1226.24    111.288
1293.44    45.915
1304.64    34.829
1286.72    53.029
1200.48    139.856
1316.96    23.572
1250.88    90.944
1311.36    30.778
1284.48    58.144
1252    92
1291.2    53.029
1303.52    40.851
1096.32    248.804
1277.76    67.372
1271.04    74.601
1278.88    68.258
1319.2    29.686
1262.08    90.716
1329.28    23.629
1323.68    29.686
1131.04    223.347
1247.52    108.288
1301.28    55.201
1333.76    23.572
1288.96    68.372
1283.36    74.372
1232.96    125.6
1241.92    117.288
1296.8    63.258
1314.72    45.995
1227.36    133.631
1328.16    34.801
1336    29.686
1339.36    30.8
1327.04    45.915
1310.24    63.144
1338.24    35.8
1322.56    52.029
1344.96    30.744
1313.6    63.429
1259.84    117.402
1341.6    35.8
1348.32    29.686
1342.72    36.007
1290.08    89.887
1280    102.067
1294.56    89.83
1355.04    30.686
1362.88    23.572
1302.4    88.91
1359.52    34.8
1297.92    97.116
1343.84    52.029
1367.36    30.778
1163.52    236.347
1300.16    100.072
1365.12    35.8
1356.16    45.021
1260.96    141.107
1377.44    24.741
1315.84    91.024
1332.64    78.659
1350.56    61.258
1306.88    105.944
1384.16    29.686
1390.88    23.572
1325.92    88.767
1347.2    68.48
1370.72    45.963
1387.52    29.686
1376.32    42.144
1395.36    23.572
1351.68    67.487
1396.48    23.572
1209.44    210.94
1254.24    166.317
1120.96    301.582
1392    30.686
1349.44    73.659
1305.76    117.453
1399.84    23.572
1402.08    23.572
1187.04    239.461
1397.6    29.686
1320.32    107.173
1383.04    47.029
1334.88    99.846
1256.48    178.66
1374.08    61.258
1352.8    82.666
1389.76    45.964
1411.04    24.686
1330.4    106.075
1405.44    35.8
1412.16    29.686
1357.28    84.83
1413.28    29.686
1358.4    84.68
1386.4    58.144
1409.92    34.8
1415.52    29.686
1361.76    84.716
1253.12    193.718
1353.92    94.83
1416.64    34.858
1318.08    134.509
1379.68    74.601
1408.8    45.915
1426.72    30.687
1422.24    35.915
1346.08    112.23
1360.64    100.059
1431.2    29.686
1378.56    82.601
1312.48    149.974
1406.56    56.258
1440.16    23.572
1430.08    34.8
1434.56    30.686
1337.12    132.402
1179.2    290.72
1449.12    24.687
1427.84    47.029
1451.36    23.572
1450.24    24.744
1445.76    30.686
1398.72    78.624
1403.2    74.61
1442.4    35.8
1421.12    57.195
1437.92    40.8
1255.36    228.232
1368.48    116.173
1381.92    102.848
1420    67.38
1453.6    34.8
1454.72    34.8
1394.24    97.059
1324.8    167.34
1444.64    48.144
1425.6    67.476
1448    45.191
1404.32    89.601
1371.84    122.402
1417.76    77.487
1465.92    29.785
1424.48    72.636
1462.56    34.8
1467.04    30.686
1372.96    127.631
1470.4    30.686
1264.32    240.596
1407.68    98.944
1423.36    83.601
1477.12    34.8
1456.96    55.144
1482.72    29.744
1340.48    173.203
1490.56    23.572
1480.48    35.8
1486.08    30.686
1366.24    150.745
1428.96    88.796
1488.32    30.686
1498.4    24.686
1501.76    23.572
1240.8    285.528
1443.52    83.681
1388.64    138.688
1364    163.482
1505.12    23.572
1369.6    160.18
1495.04    34.8
1478.24    53.029
1468.16    63.258
1219.52    312.128
1496.16    35.8
1487.2    47.029
1471.52    63.224
1473.76    61.258
1331.52    203.762
1472.64    63.144
1446.88    89.601
1491.68    45.03
1514.08    23.572
1458.08    79.8
1452.48    85.487
1461.44    78.683
1455.84    84.83
1483.84    58.144
1418.88    123.516
1507.36    35.858
1509.6    35.8
1375.2    173.317
1321.44    228.576
1459.2    90.93
1393.12    158.86
1523.04    30.686
1520.8    35.8
1400.96    156.052
1527.52    29.686
1500.64    57.144
1510.72    47.178
1476    82.601
1414.4    144.985
1524.16    35.915
1497.28    63.167
1536.48    29.686
1530.88    35.8
1538.72    30.686
1546.56    23.572
1540.96    29.686
1380.8    191.546
1537.6    35.8
1528.64    44.995
1521.92    52.115
1460.32    114.173
1545.44    29.686
1551.04    24.686
1439.04    136.8
1535.36    40.8
1484.96    92.83
1548.8    29.775
1555.52    23.572
1539.84    40.8
1532    52.029
1516.32    68.258
1526.4    58.258
1463.68    124.568
1492.8    95.944
1435.68    154.317
1499.52    90.83
1557.76    34.8
1547.68    45.915
1432.32    163.024
1479.36    117.402
1561.12    35.8
1519.68    77.545
1511.84    85.544
1567.84    30.686
1464.8    134.736
1433.44    166.86
1571.2    30.686
1493.92    108.236
1534.24    68.372
1568.96    35.915
1575.68    29.744
1553.28    53.144
1517.44    89.716
1562.24    45.915
1573.44    34.829
1502.88    106.173
1542.08    68.487
1560    52.037
1558.88    53.258
1565.6    48.258
1436.8    177.431
1552.16    62.431
1580.16    34.8
1586.88    29.686
1385.28    231.55
1592.48    24.686
1489.44    128.329
1572.32    45.972
1583.52    35.8
1554.4    67.43
1591.36    30.686
1515.2    108.288
1588    35.8
1469.28    155.088
1590.24    34.8
1574.56    52.029
1266.56    361.11
1598.08    30.686
1544.32    85.973
1512.96    117.448
1584.64    48.144
1609.28    23.572
1563.36    69.538
1564.48    68.532
1543.2    90.83
1474.88    159.264
1599.2    35.8
1594.72    40.8
1604.8    30.835
1611.52    24.686
1601.44    35.8
1566.72    72.372
1582.4    57.349
1605.92    34.829
1607.04    34.8
1441.28    201.789
1593.6    52.029
1576.8    69.372
1616    30.686
1518.56    129.475
1613.76    34.8
1549.92    99.83
1620.48    30.686
1579.04    74.6
1623.84    30.686
1624.96    29.686
1610.4    45.995
1627.2    29.686
1612.64    45.915
1635.04    24.686
1638.4    24.686
1632.8    30.686
1640.64    23.572
1504    169.375
1644    30.686
1570.08    106.116
1637.28    40.915
1622.72    58.144
1602.56    78.601
1529.76    151.795
1647.36    34.8
1651.84    30.8
1652.96    29.795
1658.56    24.744
1655.2    30.686
1556.64    129.395
1595.84    90.944
1506.24    182.364
1621.6    67.372
1508.48    181.317
1654.08    35.832
1481.6    211.197
1533.12    160.203
1659.68    34.8
1663.04    34.8
1596.96    101.116
1665.28    35.8
1672    29.686
1664.16    41.029
1636.16    69.372
1649.6    58.144
1629.44    79.716
1676.48    34.8
1678.72    35.8
1645.12    69.515
1608.16    110.059
1585.76    132.688
1657.44    63.144
1679.84    40.858
1685.44    35.8
1691.04    30.686
1648.48    73.659
1641.76    80.493
1626.08    96.716
1693.28    29.686
1700    23.58
1695.52    30.744
1673.12    53.258
1656.32    73.487
1639.52    90.832
1600.32    132.528
1619.36    115.173
1701.12    34.8
1646.24    89.795
1577.92    159.321
1692.16    45.915
1525.28    213.004
1660.8    77.487
1677.6    61.258
1687.68    52.029
1710.08    29.744
1704.48    35.8
1661.92    80.563
1696.64    45.972
1668.64    74.601
1688.8    55.253
1603.68    141.68
1721.28    24.686
1666.4    79.681
1618.24    128.288
1707.84    41.029
1680.96    68.372
1642.88    107.173
1723.52    29.686
1698.88    55.144
1614.88    142.631
1650.72    107.059
1730.24    30.686
1617.12    144.631
1731.36    34.8
1684.32    85.888
1740.32    30.744
1747.04    24.686
1674.24    99.83
1694.4    79.784
1706.72    67.579
1729.12    45.915
1697.76    78.601
1628.32    148.745
1738.08    40.8
1748.16    30.858
1744.8    35.915
1714.56    66.372
1702.24    78.807
1712.32    69.487
1669.76    112.516
1708.96    74.601
1725.76    58.144
1705.6    78.681
1750.4    35.8
1763.84    23.572
1713.44    74.601
1703.36    84.921
1720.16    68.395
1753.76    34.909
1711.2    77.584
1735.84    53.029
1733.6    55.298
1682.08    107.173
1581.28    209.889
1745.92    45.915
1762.72    30.686
1633.92    162.46
1772.8    24.686
1631.68    166.047
1670.88    128.288
1742.56    57.144
1776.16    23.658
1724.64    75.601
1778.4    24.744
1768.32    35.915
1717.92    89.716
1716.8    91.716
1741.44    67.372
1751.52    58.144
1754.88    56.258
1782.88    29.744
1790.72    24.686
1760.48    58.144
1785.12    34.8
1752.64    67.395
1734.72    85.544
1589.12    231.373
1791.84    30.686
1736.96    85.83
1689.92    134.567
1789.6    35.893
1675.36    150.86
1758.24    68.544
1743.68    83.716
1726.88    100.83
1781.76    47.029
1767.2    63.372
1796.32    34.8
1719.04    112.402
1759.36    75.372
1804.16    30.687
1779.52    56.316
1683.2    153.86
1784    53.258
1728    111.173
1756    83.601
1766.08    75.372
1812    29.715
1769.44    72.601
1809.76    35.8
1816.48    29.744
1800.8    45.915
1757.12    89.824
1817.6    30.744
1815.36    34.8
1819.84    30.744
1797.44    53.258
1794.08    57.144
1827.68    23.658
1829.92    23.572
1761.6    92.259
1824.32    29.744
1813.12    41.029
1788.48    72.372
1826.56    34.8
1808.64    53.029
1777.28    84.865
1739.2    123.803
1828.8    35.915
1835.52    30.8
1836.64    30.686
1834.4    34.8
1805.28    67.258
1842.24    30.686
1775.04    98.178
1850.08    23.572
1732.48    141.687
1814.24    61.258
1803.04    73.601
1832.16    45.915
1854.56    23.629
1855.68    23.629
1822.08    58.144
1845.6    35.8
1857.92    23.595
1853.44    29.686
1831.04    53.087
1862.4    23.572
1764.96    123.173
1771.68    117.173
1786.24    105.944
1847.84    44.915
1795.2    97.716
1749.28    144.803
1792.96    101.237
1861.28    34.8
1865.76    30.8
1807.52    89.718
1715.68    182.482
1833.28    67.258
1878.08    23.572
1856.8    45.915
1869.12    34.859
1838.88    68.372
1884.8    24.686
1852.32    57.23
1841.12    69.43
1773.92    137.088
1837.76    74.372
1868    45.915
1890.4    23.629
1885.92    30.686
1770.56    146.745
1876.96    40.8
1799.68    119.402
1889.28    30.744
1866.88    53.258
1880.32    41.029
1898.24    24.686
1686.56    238.69
1818.72    107.83
1864.64    62.372
1896    34.8
1903.84    30.8
1911.68    23.572
1900.48    35.8
1887.04    52.029
1630.56    309.026
1823.2    117.402
1667.52    273.243
1908.32    34.8
1798.56    144.796
1899.36    44.915
1843.36    101.002
1840    107.067
1874.72    72.601
1926.24    23.572
1919.52    30.686
1927.36    23.572
1872.48    79.487
1928.48    23.601
1846.72    105.96
1780.64    173.344
1825.44    128.631
1925.12    30.686
1871.36    84.675
1892.64    65.695
1924    34.858
1875.84    83.601
1893.76    68.544
1910.56    52.029
1922.88    40.915
1906.08    58.144
1935.2    30.686
1844.48    122.76
1944.16    24.686
1806.4    165.291
1820.96    150.86
1904.96    67.43
1907.2    66.372
1883.68    90.601
1945.28    29.686
1939.68    35.8
1918.4    58.258
1948.64    30.686
1929.6    52.258
1936.32    45.915
1870.24    113.402
1882.56    108.173
1879.2    112.402
1921.76    70.487
1963.2    29.744
1810.88    182.317
1947.52    46.029
1965.44    30.686
1960.96    35.8
1859.04    139.619
1977.76    23.572
1917.28    85.831
1973.28    30.778
1958.72    45.915
1982.24    23.629
1959.84    47.029
1954.24    53.258
1932.96    74.716
1968.8    40.88
1952    58.144
1920.64    89.83
1897.12    113.372
1909.44    101.329
1955.36    57.144
1984.48    29.686
1974.4    40.8
1957.6    58.144
1971.04    44.915
1980    35.98
1950.88    67.372
1946.4    73.601
1985.6    35.8
1860.16    162.146
1976.64    45.915
1987.84    34.829
1993.44    29.686
1983.36    40.915
1937.44    88.716
1978.88    48.144
1996.8    30.778
2000.16    29.686
1915.04    117.398
1997.92    35.972
1994.56    41.083
1953.12    82.637
1863.52    173.466
2006.88    30.686
2008    30.686
2009.12    29.686
1999.04    40.8
1956.48    83.659
1995.68    44.915
1913.92    127.459
1967.68    75.554
1901.6    141.927
2020.32    23.572
1969.92    74.372
1992.32    53.029
1881.44    165.317
2014.72    34.858
2018.08    34.8
1873.6    181.432
2031.52    23.626
1916.16    140.974
1912.8    144.962
2027.04    30.8
1949.76    108.288
2002.4    56.362
1986.72    72.547
2029.28    30.686
2030.4    30.686
2015.84    46.029
1722.4    340.063
1988.96    74.688
2034.88    30.686
2036    29.686
1934.08    132.402
2032.64    35.8
2033.76    35.8
2022.56    47.029
1975.52    95.83
1962.08    110.173
2042.72    29.686
2019.2    53.32
2021.44    53.266
2004.64    74.716
1990.08    89.716
1991.2    90.716
2051.68    30.8
2025.92    57.144
1787.36    296.96
2060.64    24.686
1941.92    144.86
1972.16    117.231
2003.52    85.915
1938.56    152.745
2050.56    40.801
2039.36    52.258
1981.12    111.173
2038.24    55.144
2049.44    46.029
2011.36    85.944
2012.48    85.716
2046.08    52.258
1902.72    197.546
2059.52    46.029
1966.56    139.704
2066.24    40.8
2041.6    66.372
2078.56    30.8
2074.08    35.903
1888.16    222.676
2001.28    111.059
2083.04    29.686
2089.76    23.572
2068.48    44.966
2079.68    34.8
2085.28    30.686
2037.12    79.744
1891.52    226.169
2095.36    23.572
2040.48    78.487
2056.16    63.144
2044.96    74.601
1848.96    271.969
2076.32    44.972
1930.72    191.553
2055.04    67.372
2077.44    45.915
1931.84    193.561
2069.6    57.144
2096.48    30.8
2005.76    123.173
2084.16    44.915
2099.84    29.686
2057.28    73.716
2058.4    73.487
2103.2    30.686
2093.12    40.88
2072.96    61.258
2024.8    111.059
2100.96    35.8
2065.12    75.372
2028.16    112.447
2087.52    53.201
2117.76    24.686
1801.92    340.64
2043.84    100.12
2064    80.487
2086.4    58.316
2023.68    121.305
2061.76    84.601
2062.88    83.676
2106.56    40.824
2102.08    45.915
2112.16    35.915
2080.8    67.487
2107.68    41.029
2115.52    35.915
1851.2    300.605
2105.44    47.029
2113.28    45.915
2097.6    62.258
2071.84    91.83
2067.36    96.944
2098.72    68.259
2114.4    53.087
2118.88    58.144
2081.92    98.944
2048.32    133.802
2053.92    130.173
2088.64    107.38
1940.8    256.919
2111.04    92.83
2016.96    192.66
2090.88    122.596
1894.88    319.405
2092    125.402
2075.2    142.631
1964.32    259.826
1943.04    282.919
2108.8    123.517
2116.64    121.345
2070.72    172.981
2094.24    160.088
2104.32    189.775
2013.6    284.089
2052.8    254.033
2010.24    300.72
2109.92    225.119
2047.2    346.235
