1010.08    4.228
1004.48    16.228
1026.88    4.228
1021.28    16.228
1006.72    31.457
1011.2    32.572
1028    16.228
1016.8    27.8
1030.24    21.572
1040.32    16.228
1052.64    4.228
1056    4.228
1008.96    56.144
1001.12    68.487
1060.48    16.228
1072.8    4.228
1034.72    44.915
1005.6    75.716
1020.16    63.258
1054.88    29.572
1014.56    72.487
1002.24    85.601
1012.32    79.716
1015.68    77.51
1089.6    4.228
1042.56    52.258
1063.84    31.572
1082.88    16.228
1062.72    36.8
1067.2    32.572
1047.04    58.372
1017.92    87.601
1090.72    16.228
1103.04    4.316
1061.6    52.144
1109.76    4.228
1031.36    82.83
1110.88    4.228
1080.64    42.029
1108.64    16.228
1066.08    59.372
1076.16    54.487
1069.44    61.372
1115.36    16.228
1117.6    16.228
1003.36    134.631
1070.56    70.487
1092.96    50.144
1098.56    45.029
1128.8    16.228
1131.04    16.228
1091.84    57.372
1075.04    76.601
1077.28    74.83
1136.64    16.316
1084    69.258
1120.96    32.686
1041.44    118.504
1159.04    4.228
1024.64    139.86
1106.4    62.258
1164.64    4.228
1140    29.581
1022.4    147.317
1107.52    62.601
1068.32    102.288
1122.08    48.8
1155.68    16.228
1032.48    141.82
1000    178.66
1174.72    4.228
1105.28    74.487
1095.2    84.83
1119.84    60.372
1144.48    35.847
1039.2    143.631
1085.12    98.173
1013.44    171.432
1099.68    85.83
1141.12    44.8
1170.24    16.228
1132.16    56.258
1019.04    171.546
1036.96    155.432
1191.52    4.228
1181.44    16.228
1048.16    150.317
1088.48    111.529
1196    4.228
1166.88    33.8
1051.52    150.203
1168    34.029
1118.72    84.684
1023.52    181.239
1146.72    59.487
1163.52    44.8
1125.44    83.652
1178.08    31.457
1097.44    113.745
1188.16    23.457
1183.68    29.572
1101.92    112.493
1189.28    26.686
1057.12    159.203
1157.92    58.459
1058.24    159.546
1142.24    75.66
1143.36    74.716
1086.24    132.088
1127.68    91.716
1199.36    21.572
1204.96    16.228
1123.2    98.201
1172.48    49.029
1175.84    45.915
1190.4    31.457
1208.32    16.228
1220.64    4.228
1035.84    189.232
1180.32    49.258
1206.08    25.572
1053.76    178.704
1197.12    35.686
1073.92    163.775
1201.6    39.915
1151.2    90.944
1229.6    16.228
1182.56    64.487
1192.64    55.029
1193.76    54.029
1165.76    82.487
1225.12    23.457
1194.88    55.115
1169.12    81.83
1226.24    25.686
1203.84    50.134
1219.52    40.116
1114.24    148.088
1126.56    136.088
1184.8    78.716
1211.68    52.029
1228.48    35.686
1150.08    114.621
1044.8    220.461
1238.56    29.572
1224    46.372
1081.76    189.016
1129.92    143.088
1087.36    186.118
1257.6    16.228
1271.04    4.228
1222.88    54.029
1043.68    233.804
1247.52    30.566
1160.16    118.4
1246.4    32.572
1173.6    106.402
1162.4    117.637
1059.36    223.69
1133.28    151.088
1281.12    4.228
1231.84    54.459
1282.24    4.228
1215.04    71.487
1260.96    27.686
1210.56    79.173
1241.92    50.8
1288.96    4.228
1256.48    38.915
1096.32    199.232
1240.8    56.218
1283.36    16.228
1212.8    88.601
1269.92    32.029
1135.52    166.919
1104.16    198.69
1286.72    16.228
1200.48    104.288
1050.4    255.272
1198.24    108.173
1253.12    54.029
1235.2    73.487
1029.12    281.063
1280    30.466
1179.2    134.756
1268.8    50.029
1275.52    44.8
1291.2    29.686
1156.8    164.546
1239.68    84.121
1116.48    207.347
1232.96    93.059
1045.92    281.086
1266.56    61.372
1252    76.047
1221.76    110.402
1025.76    306.52
1153.44    179.014
1300.16    32.572
1329.28    4.228
1313.6    20.572
1033.6    302.341
1218.4    117.591
1234.08    106.173
1137.76    203.347
1272.16    69.372
1202.72    140.368
1243.04    100.288
1277.76    66.372
1245.28    99.149
1340.48    4.228
1284.48    60.487
1305.76    40.029
1185.92    160.317
1342.72    4.228
1320.32    26.686
1315.84    31.624
1343.84    4.228
1038.08    311.749
1314.72    35.686
1321.44    29.572
1347.2    4.228
1324.8    29.572
1134.4    222.847
1311.36    45.909
1227.36    130.088
1278.88    78.683
1328.16    30.686
1319.2    40.029
1209.44    151.203
1297.92    63.258
1337.12    26.686
1350.56    16.228
1362.88    4.228
1187.04    180.317
1265.44    103.059
1366.24    4.228
1308    63.487
1318.08    54.029
1113.12    261.054
1322.56    52.077
1171.36    203.392
1154.56    220.919
1274.4    104.516
1303.52    75.837
1334.88    44.8
1377.44    4.228
1293.44    88.647
1237.44    145.39
1216.16    167.317
1364    20.572
1336    52.144
1372.96    16.228
1323.68    66.487
1360.64    29.572
1207.2    183.118
1376.32    16.228
1389.76    4.228
1138.88    255.148
1306.88    88.173
1263.2    132.088
1213.92    183.88
1368.48    29.572
1381.92    16.259
1248.64    151.416
1369.6    32.572
1371.84    31.457
1400.96    4.228
1145.6    261.72
1273.28    134.815
1310.24    99.402
1359.52    54.144
1295.68    119.402
1352.8    62.372
1316.96    98.402
1413.28    4.228
1351.68    69.258
1402.08    21.572
1349.44    74.716
1217.28    207.115
1285.6    138.974
1276.64    151.311
1312.48    117.173
1148.96    284.867
1380.8    54.029
1124.32    313.749
1406.56    32.572
1407.68    31.572
1302.4    136.917
1415.52    25.8
1249.76    192.087
1379.68    62.487
1356.16    86.716
1426.72    16.27
1384.16    59.144
1378.56    66.144
1388.64    57.029
1416.64    29.572
1404.32    42.029
1412.16    35.8
1296.8    153.317
1292.32    158.088
1417.76    33.763
1399.84    51.915
1338.24    113.631
1161.28    291.016
1398.72    57.363
1304.64    154.713
1440.16    20.572
1290.08    171.512
1393.12    70.487
1442.4    21.572
1460.32    4.228
1361.76    103.288
1435.68    29.572
1449.12    16.246
1236.32    230.491
1327.04    140.974
1464.8    4.228
1348.32    121.631
1467.04    4.228
1264.32    209.262
1458.08    16.228
1405.44    69.258
1390.88    84.716
1455.84    21.572
1445.76    31.766
1461.44    16.228
1424.48    53.258
1441.28    36.686
1287.84    191.232
1385.28    94.059
1436.8    42.915
1294.56    185.326
1478.24    4.228
1422.24    61.23
1339.36    144.152
1301.28    183.118
1254.24    230.216
1331.52    157.546
1357.28    132.745
1474.88    16.228
1383.04    108.288
1451.36    41.686
1344.96    153.002
1230.72    267.491
1495.04    4.228
1374.08    125.974
1453.6    47.258
1443.52    59.144
1386.4    118.631
1418.88    86.854
1408.8    97.288
1484.96    21.572
1502.88    4.228
1332.64    174.562
1444.64    64.388
1492.8    16.342
1250.88    258.491
1431.2    80.716
1395.36    117.402
1497.28    16.228
1425.6    89.944
1358.4    159.088
1423.36    95.173
1299.04    220.653
1267.68    252.976
1433.44    88.487
1499.52    25.686
1387.52    138.801
1469.28    57.258
1486.08    42.029
1411.04    117.402
1403.2    125.638
1355.04    174.85
1504    27.8
1505.12    26.686
1516.32    16.228
1462.56    70.601
1489.44    43.915
1501.76    32.572
1477.12    57.372
1353.92    182.775
1468.16    69.372
1330.4    208.085
1514.08    27.686
1509.6    32.572
1476    69.601
1542.08    4.228
1421.12    126.94
1309.12    239.033
1533.12    16.228
1520.8    32.572
1456.96    97.173
1365.12    189.118
1430.08    124.631
1325.92    228.919
1491.68    63.258
1487.2    69.487
1375.2    181.66
1540.96    16.228
1526.4    32.572
1434.56    124.631
1511.84    51.915
1481.6    82.716
1534.24    30.457
1493.92    71.487
1515.2    51.144
1367.36    199.275
1258.72    309.207
1535.36    33.572
1473.76    95.83
1544.32    26.686
1471.52    100.059
1448    123.777
1567.84    4.228
1553.28    21.572
1571.2    4.228
1480.48    97.888
1574.56    4.228
1394.24    184.669
1507.36    73.944
1255.36    326.978
1566.72    16.228
1346.08    237.919
1536.48    48.915
1570.08    16.228
1512.96    73.601
1341.6    245.262
1519.68    70.471
1586.88    4.228
1459.2    132.413
1549.92    44.8
1523.04    72.757
1454.72    142.203
1539.84    59.716
1446.88    154.305
1582.4    26.686
1577.92    31.457
1470.4    139.384
1573.44    38.915
1498.4    116.288
1600.32    16.228
1613.76    4.228
1563.36    55.258
1614.88    4.228
1496.16    127.882
1518.56    106.368
1530.88    94.059
1584.64    41.8
1396.48    230.934
1463.68    164.432
1585.76    42.686
1624.96    4.228
1588    42.915
1601.44    31.572
1629.44    4.228
1428.96    204.797
1604.8    29.572
1607.04    29.572
1547.68    89.173
1632.8    4.228
1510.72    126.631
1555.52    82.83
1579.04    60.081
1636.16    4.228
1558.88    81.944
1409.92    232.954
1437.92    205.346
1420    224.585
1640.64    4.228
1612.64    32.572
1392    255.262
1593.6    58.372
1649.6    4.228
1650.72    4.228
1564.48    90.944
1599.2    56.258
1602.56    55.372
1596.96    61.138
1654.08    4.228
1551.04    107.944
1545.44    117.745
1333.76    329.542
1538.72    125.631
1651.84    16.228
1450.24    220.919
1656.32    16.228
1557.76    115.447
1561.12    112.292
1657.44    16.228
1672    4.228
1644    33.8
1647.36    31.457
1611.52    68.372
1664.16    16.228
1414.4    266.484
1677.6    4.228
1610.4    71.487
1589.12    93.059
1554.4    128.088
1641.76    43.029
1658.56    28.686
1645.12    42.686
1575.68    113.173
1637.28    51.915
1490.56    201.232
1472.64    219.919
1608.16    84.83
1688.8    4.228
1622.72    70.372
1524.16    170.889
1691.04    4.228
1594.72    101.059
1627.2    70.538
1548.8    149.203
1694.4    4.228
1529.76    169.859
1697.76    4.228
1562.24    140.203
1609.28    96.059
1482.72    222.804
1685.44    21.572
1667.52    39.915
1693.28    16.228
1635.04    74.487
1543.2    166.432
1705.6    4.228
1675.36    34.8
1706.72    4.228
1616    96.211
1670.88    42.915
1605.92    108.527
1528.64    188.004
1479.36    237.804
1682.08    37.8
1631.68    89.83
1576.8    145.974
1432.32    290.682
1695.52    28.8
1721.28    4.228
1722.4    4.228
1527.52    202.764
1592.48    137.86
1692.16    39.024
1646.24    85.716
1537.6    197.283
1618.24    117.288
1731.36    4.282
1638.4    99.059
1620.48    117.288
1678.72    59.144
1724.64    16.228
1708.96    32.572
1725.76    16.228
1738.08    4.228
1568.96    174.027
1729.12    16.228
1532    215.662
1720.16    29.572
1652.96    99.173
1749.28    4.228
1684.32    70.716
1665.28    90.944
1628.32    128.203
1741.44    16.228
1754.88    4.228
1623.84    137.317
1603.68    158.775
1525.28    237.54
1639.52    123.631
1732.48    30.686
1703.36    61.144
1760.48    4.228
1669.76    95.173
1744.8    20.572
1598.08    167.889
1572.32    194.232
1679.84    91.173
1711.2    61.258
1676.48    96.059
1769.44    4.228
1736.96    41.029
1687.68    91.716
1674.24    106.402
1660.8    120.745
1655.2    126.745
1483.84    298.52
1728    55.051
1747.04    36.8
1753.76    30.572
1780.64    4.228
1696.64    88.944
1748.16    37.8
1630.56    158.235
1772.8    16.228
1743.68    45.8
1775.04    16.228
1556.64    235.721
1776.16    16.316
1552.16    241.98
1704.48    91.092
1673.12    123.516
1580.16    216.632
1794.08    4.228
1768.32    32.8
1770.56    31.572
1617.12    185.232
1683.2    119.267
1773.92    28.572
1756    48.258
1680.96    126.523
1689.92    120.631
1735.84    75.601
1745.92    67.648
1778.4    35.915
1734.72    81.936
1740.32    76.563
1785.12    33.686
1659.68    159.203
1626.08    192.917
1789.6    29.572
1816.48    4.228
1719.04    102.059
1818.72    4.228
1819.84    4.228
1619.36    205.68
1730.24    96.27
1591.36    235.576
1733.6    94.059
1506.24    322.124
1790.72    37.8
1777.28    51.915
1517.44    312.03
1633.92    196.232
1808.64    21.627
1799.68    31.572
1771.68    59.693
1786.24    45.258
1621.6    210.576
1698.88    134.064
1801.92    31.457
1791.84    41.915
1820.96    16.228
1707.84    129.745
1764.96    73.601
1700    139.284
1595.84    243.605
1838.88    4.228
1814.24    29.572
1803.04    44.144
1792.96    54.372
1779.52    69.487
1648.48    201.347
1806.4    45.258
1521.92    330.33
1823.2    29.572
1796.32    58.372
1834.4    20.572
1813.12    41.915
1852.32    4.228
1812    50.029
1784    78.716
1661.92    203.232
1836.64    28.686
1781.76    83.716
1723.52    143.254
1757.12    110.402
1856.8    16.228
1871.36    4.228
1845.6    30.457
1841.12    35.8
1873.6    4.228
1795.2    82.716
1810.88    67.167
1862.4    16.228
1663.04    215.69
1762.72    116.288
1863.52    16.228
1702.24    180.004
1835.52    47.924
1767.2    116.86
1857.92    27.8
1844.48    41.8
1642.88    244.545
1787.36    103.133
1804.16    87.716
1826.56    67.372
1583.52    311.299
1761.6    133.745
1590.24    306.336
1866.88    35.8
1807.52    98.221
1882.56    23.457
1890.4    16.228
1766.08    142.546
1904.96    4.228
1874.72    36.686
1909.44    4.228
1715.68    200.316
1809.76    107.288
1846.72    71.487
1902.72    16.228
1906.08    16.252
1919.52    4.228
1798.56    125.402
1921.76    4.228
1850.08    76.487
1840    88.954
1701.12    228.124
1833.28    96.089
1742.56    188.95
1869.12    62.487
1893.76    40.321
1752.64    181.889
1875.84    60.258
1920.64    16.228
1899.36    37.8
1903.84    33.8
1763.84    175.118
1887.04    51.928
1759.36    181.598
1870.24    71.716
1915.04    27.686
1883.68    59.16
1686.56    257.06
1885.92    58.381
1880.32    65.26
1908.32    38.258
1891.52    55.556
1943.04    4.228
1913.92    33.572
1946.4    4.228
1917.28    35.8
1927.36    27.72
1832.16    124.402
1900.48    56.372
1941.92    16.228
1782.88    177.546
1940.8    20.572
1957.6    4.228
1947.52    16.228
1960.96    4.228
1949.76    16.228
1868    99.288
1668.64    300.823
1860.16    111.4
1828.8    143.088
1898.24    79.601
1815.36    162.564
1751.52    226.69
1962.08    16.244
1953.12    26.686
1666.4    314.472
1853.44    131.516
1831.04    154.317
1984.48    4.228
1926.24    62.583
1876.96    112.316
1985.6    4.228
1847.84    142.088
1827.68    162.432
1848.96    141.516
1837.76    152.732
1932.96    60.029
1963.2    30.457
1800.8    193.447
1924    70.601
1954.24    41.686
1854.56    142.317
1930.72    66.372
1945.28    57.029
1910.56    93.944
1912.8    91.944
1959.84    46.144
1864.64    141.711
1843.36    163.432
1888.16    121.288
1712.32    297.297
1750.4    261.51
1958.72    54.029
1948.64    64.5
2009.12    4.228
1822.08    193.66
2012.48    4.228
1726.88    290.749
1986.72    32.572
1993.44    27.8
1878.08    145.546
2021.44    4.228
1897.12    129.516
1956.48    70.372
1944.16    84.055
1990.08    38.853
1713.44    317.177
1931.84    99.059
1842.24    190.576
1901.6    131.86
1896    138.203
2000.16    34.572
1824.32    210.804
2019.2    16.228
1938.56    97.944
1805.28    231.605
2013.6    23.457
1992.32    45.807
1977.76    61.463
1889.28    150.203
1966.56    76.487
1817.6    226.926
2002.4    47.915
1916.16    135.974
1892.64    159.66
1991.2    62.258
2038.24    16.228
1922.88    133.088
1911.68    146.109
1995.68    62.144
2041.6    16.304
2030.4    31.457
1971.04    91.83
1739.2    323.864
1968.8    96.059
2015.84    50.144
2064    4.228
2011.36    59.144
1999.04    73.601
1967.68    105.402
2029.28    46.915
2001.28    75.601
2072.96    4.228
1973.28    104.173
1872.48    205.69
2074.08    4.228
1950.88    130.86
1881.44    201.347
1976.64    107.173
1928.48    156.432
1929.6    157.317
2037.12    51.915
2058.4    31.572
2039.36    52.144
2032.64    60.343
2055.04    43.029
1918.4    180.896
2027.04    72.601
2084.16    16.228
2028.16    72.487
2080.8    21.572
1851.2    251.454
1758.24    345.403
2102.08    4.228
2042.72    63.83
2059.52    47.915
2104.32    4.228
2079.68    29.572
2105.44    4.228
2108.8    4.228
2111.04    4.228
1788.48    327.978
2086.4    32.572
2115.52    4.228
1997.92    122.516
2071.84    50.258
2089.76    32.572
1981.12    141.259
2046.08    76.601
1797.44    325.321
2106.56    16.228
2096.48    26.686
2014.72    108.56
2025.92    98.235
1983.36    141.86
2077.44    51.029
2076.32    54.144
2056.16    74.601
2099.84    31.457
2066.24    67.238
2031.52    102.288
2070.72    63.258
1884.8    250.491
1994.56    141.974
1982.24    156.317
1955.36    184.347
2097.6    43.915
2069.6    72.619
2087.52    55.029
2024.8    118.402
2062.88    81.601
2100.96    43.686
2095.36    51.144
1987.84    162.432
2043.84    107.631
1894.88    257.787
2047.2    107.436
1907.2    247.919
2044.96    110.288
1964.32    196.232
2093.12    68.372
2094.24    67.624
2092    70.372
1978.88    184.06
2061.76    105.944
2112.16    57.258
1969.92    201.004
2067.36    106.173
2036    137.974
2033.76    140.328
1952    224.576
2090.88    85.716
1937.44    239.269
2075.2    102.402
1996.8    184.004
1975.52    205.576
2116.64    65.487
2081.92    103.631
2114.4    71.487
2088.64    100.288
2010.24    180.485
2005.76    189.89
2048.32    155.712
2085.28    120.631
1936.32    270.172
1939.68    271.132
1972.16    239.493
2006.88    205.393
2004.64    208.232
2117.76    98.059
2103.2    116.555
2034.88    187.232
2065.12    157.317
2078.56    144.274
2060.64    165.432
2107.68    128.974
1974.4    272.834
2057.28    196.004
2052.8    203.461
1965.44    297.106
2049.44    214.461
2118.88    147.203
2020.32    252.579
2068.48    208.041
2053.92    222.804
2098.72    179.848
2016.96    263.491
2109.92    174.549
2040.48    259.052
2051.68    249.148
2050.56    251.469
2018.08    290.152
1988.96    333.321
2113.28    223.491
2022.56    333.34
2083.04    288.149
2023.68    351.034
