1003.36    23.686
1000    27.8
1002.24    30.915
1005.6    27.8
1011.2    22.572
1013.44    20.572
1015.68    26.572
1016.8    26.572
1017.92    26.572
1006.72    38.258
1021.28    24.8
1014.56    33.915
1007.84    41.355
1022.4    27.144
1023.52    26.572
1024.64    26.686
1008.96    44.372
1028    27.144
1035.84    20.572
1030.24    28.144
1012.32    46.716
1032.48    26.67
1025.76    33.915
1034.72    25.069
1039.2    20.704
1019.04    41.372
1036.96    26.572
1040.32    24.8
1042.56    23.572
1045.92    20.686
1031.36    36.029
1010.08    57.83
1026.88    42.487
1033.6    36.915
1001.12    69.509
1050.4    20.572
1038.08    34.029
1054.88    20.572
1056    22.686
1043.68    38.029
1058.24    23.584
1020.16    62.288
1004.48    80.631
1060.48    30.915
1051.52    41.144
1063.84    29.029
1047.04    46.487
1059.36    38.029
1029.12    69.173
1049.28    49.173
1072.8    26.572
1041.44    58.046
1057.12    43.144
1077.28    23.686
1073.92    27.8
1053.76    49.372
1068.32    36.915
1075.04    33.915
1076.16    33.144
1086.24    23.686
1062.72    47.487
1080.64    29.686
1044.8    66.288
1090.72    20.572
1070.56    41.258
1061.6    50.601
1081.76    30.915
1066.08    47.372
1084    31.029
1088.48    29.686
1071.68    48.372
1078.4    43.601
1092.96    30.915
1064.96    59.944
1094.08    30.939
1082.88    42.253
1101.92    23.686
1069.44    56.812
1098.56    28.029
1089.6    37.144
1100.8    29.029
1104.16    27.8
1085.12    50.944
1097.44    41.144
1107.52    32.8
1116.48    25.029
1052.64    89.088
1091.84    50.372
1087.36    55.83
1048.16    95.432
1123.2    23.572
1095.2    53.288
1117.6    31.002
1120.96    27.8
1112    36.875
1067.2    82.874
1099.68    50.716
1103.04    47.487
1119.84    31.144
1113.12    38.487
1115.36    39.601
1133.28    23.572
1127.68    29.686
1134.4    29.029
1126.56    36.984
1079.52    84.3
1137.76    26.915
1109.76    55.716
1114.24    53.716
1131.04    37.355
1122.08    46.716
1110.88    58.716
1140    30.923
1147.84    23.572
1129.92    44.372
1145.6    28.915
1143.36    31.915
1148.96    26.572
1128.8    47.487
1150.08    27.8
1106.4    71.595
1132.16    46.83
1155.68    23.572
1136.64    44.487
1142.24    39.258
1146.72    35.029
1151.2    30.915
1154.56    28.149
1153.44    29.686
1138.88    44.487
1161.28    22.572
1156.8    29.029
1159.04    26.904
1135.52    52.716
1166.88    23.686
1144.48    47.944
1164.64    28.915
1096.32    97.86
1108.64    89.546
1157.92    41.258
1179.2    20.686
1118.72    82.203
1171.36    29.8
1168    35.144
1180.32    23.686
1160.16    46.258
1184.8    23.8
1169.12    43.83
1162.4    50.716
1190.4    23.686
1183.68    31.029
1188.16    26.664
1174.72    40.218
1187.04    28.012
1163.52    51.716
1189.28    27.144
1172.48    44.372
1141.12    75.847
1178.08    39.372
1125.44    94.317
1185.92    34.012
1196    26.572
1182.56    40.126
1165.76    57.288
1197.12    27.8
1124.32    103.643
1208.32    20.572
1200.48    29.686
1210.56    20.457
1193.76    39.258
1209.44    23.692
1192.64    42.487
1199.36    37.144
1105.28    131.338
1176.96    61.27
1173.6    67.041
1218.4    23.686
1191.52    50.716
1215.04    27.915
1220.64    26.029
1222.88    24.8
1221.76    26.035
1225.12    24.8
1219.52    30.915
1201.6    52.944
1231.84    23.572
1228.48    27.8
1236.32    20.686
1224    33.258
1217.28    40.092
1232.96    24.8
1227.36    30.915
1234.08    25.8
1181.44    78.555
1207.2    52.909
1213.92    49.601
1230.72    33.029
1212.8    51.372
1240.8    25.768
1216.16    50.584
1203.84    63.402
1152.32    116.347
1170.24    98.557
1229.6    40.372
1246.4    25.915
1204.96    68.631
1202.72    71.059
1247.52    26.572
1198.24    76.516
1206.08    69.27
1252    23.572
1226.24    50.372
1235.2    42.589
1244.16    34.915
1194.88    85.86
1243.04    38.276
1255.36    27.915
1245.28    39.258
1264.32    20.457
1249.76    35.258
1241.92    44.372
1175.84    110.567
1257.6    29.029
1250.88    36.915
1239.68    48.83
1260.96    27.8
1211.68    77.631
1237.44    54.83
1268.8    23.8
1262.08    30.915
1263.2    32.029
1269.92    26.572
1272.16    27.144
1271.04    30.915
1259.84    42.258
1277.76    24.806
1267.68    35.258
1265.44    38.029
1280    26.923
1283.36    23.677
1238.56    69.059
1258.72    49.601
1253.12    57.059
1287.84    23.572
1254.24    58.601
1285.6    27.8
1293.44    20.686
1284.48    29.76
1278.88    36.029
1295.68    20.572
1286.72    29.686
1291.2    29.8
1292.32    28.915
1301.28    23.572
1296.8    29.686
1273.28    54.059
1276.64    51.83
1281.12    47.464
1309.12    20.457
1306.88    23.686
1304.64    26.572
1248.64    82.745
1308    23.8
1266.56    65.944
1303.52    29.144
1274.4    60.288
1297.92    41.029
1305.76    34.029
1299.04    42.487
1290.08    52.601
1314.72    30.029
1316.96    27.904
1321.44    26.572
1324.8    23.686
1328.16    20.572
1325.92    23.572
1311.36    39.915
1322.56    28.915
1313.6    41.487
1275.52    80.516
1282.24    75.86
1330.4    27.915
1333.76    26.029
1310.24    50.487
1323.68    38.372
1294.56    68.173
1319.2    43.648
1339.36    23.602
1343.84    20.457
1312.48    51.932
1341.6    23.572
1300.16    65.173
1336    29.686
1337.12    28.915
1338.24    27.909
1329.28    36.984
1340.48    26.144
1256.48    110.546
1342.72    26.8
1349.44    23.572
1350.56    23.686
1351.68    23.686
1344.96    33.144
1327.04    51.601
1360.64    20.572
1320.32    61.059
1346.08    35.413
1332.64    48.968
1334.88    52.601
1357.28    30.915
1362.88    25.686
1331.52    57.16
1368.48    20.457
1315.84    73.745
1366.24    23.572
1318.08    71.846
1348.32    42.601
1353.92    39.915
1367.36    26.915
1302.4    91.989
1371.84    22.664
1369.6    26.029
1361.76    36.24
1288.96    111.004
1364    37.469
1352.8    50.944
1358.4    48.716
1356.16    53.944
1379.68    30.915
1370.72    40.469
1355.04    56.601
1380.8    31.029
1388.64    23.686
1386.4    29.686
1390.88    26.572
1397.6    20.572
1378.56    40.029
1375.2    44.487
1387.52    32.915
1377.44    43.144
1393.12    29.686
1392    31.029
1384.16    39.372
1403.2    20.458
1359.52    66.138
1347.2    78.745
1372.96    53.83
1399.84    27.8
1374.08    53.716
1405.44    23.8
1402.08    27.8
1406.56    23.686
1407.68    25.8
1395.36    39.258
1404.32    32.8
1394.24    45.258
1416.64    23.572
1376.32    64.059
1411.04    29.686
1414.4    27.8
1421.12    23.686
1417.76    29.686
1420    27.808
1400.96    47.601
1409.92    40.029
1412.16    38.487
1396.48    55.944
1389.76    64.059
1365.12    91.888
1398.72    59.601
1433.44    24.996
1427.84    30.915
1422.24    38.487
1437.92    23.686
1425.6    36.144
1415.52    46.487
1408.8    53.601
1426.72    36.029
1381.92    82.203
1434.56    29.686
1436.8    27.8
1423.36    41.355
1383.04    81.789
1435.68    29.915
1424.48    42.487
1443.52    23.572
1385.28    81.926
1442.4    24.92
1441.28    26.572
1428.96    39.144
1439.04    29.8
1413.28    57.812
1448    23.686
1430.08    44.372
1449.12    27.8
1456.96    20.686
1444.64    36.029
1451.36    29.686
1453.6    29.029
1432.32    52.716
1455.84    29.31
1431.2    55.601
1445.76    41.372
1461.44    26.686
1450.24    38.601
1465.92    23.572
1446.88    43.372
1452.48    37.915
1468.16    22.572
1471.52    20.457
1470.4    23.686
1459.2    35
1472.64    26.915
1460.32    40.258
1474.88    27.8
1479.36    23.572
1473.76    29.286
1458.08    45.601
1454.72    50.716
1476    29.686
1478.24    30.915
1418.88    90.516
1462.56    49.601
1486.08    26.915
1492.8    20.686
1482.72    30.915
1484.96    28.8
1491.68    23.686
1493.92    23.572
1464.8    53.288
1477.12    41.258
1480.48    38.487
1440.16    80.745
1495.04    27.8
1483.84    41.372
1463.68    61.944
1489.44    37.029
1499.52    27.144
1496.16    30.915
1467.04    60.944
1488.32    41.258
1490.56    42.144
1505.12    27.915
1512.96    20.686
1497.28    36.915
1511.84    23.686
1502.88    32.915
1481.6    55.944
1510.72    27.8
1500.64    38.029
1519.68    20.686
1487.2    53.927
1515.2    26.152
1514.08    29.686
1520.8    25.029
1521.92    24.806
1508.48    39.258
1506.24    43.601
1498.4    52.944
1524.16    29.686
1517.44    37.258
1533.12    27.8
1518.56    43.487
1501.76    61.288
1509.6    53.562
1535.36    27.916
1538.72    24.8
1507.36    57.059
1534.24    31.915
1532    38.372
1529.76    43.258
1530.88    43.24
1552.16    24.8
1546.56    30.915
1553.28    26.915
1526.4    54.487
1523.04    57.961
1544.32    37.029
1504    78.86
1558.88    24.8
1556.64    27.8
1549.92    34.915
1560    26.58
1562.24    24.8
1551.04    36.144
1540.96    46.716
1561.12    27.8
1548.8    40.258
1545.44    44.716
1565.6    26.686
1539.84    52.83
1525.28    70.173
1557.76    39.601
1568.96    31.053
1527.52    72.745
1573.44    27.8
1536.48    64.875
1516.32    85.31
1572.32    30.144
1579.04    23.572
1555.52    47.601
1575.68    27.8
1576.8    26.915
1566.72    37.144
1469.28    136.919
1543.2    65.402
1581.28    30.029
1584.64    27.8
1547.68    66.059
1577.92    37.029
1592.48    23.686
1588    30.915
1564.48    54.721
1595.84    23.8
1570.08    49.675
1583.52    37.029
1542.08    78.584
1598.08    24.915
1567.84    55.716
1591.36    33.144
1593.6    31.018
1571.2    55.944
1601.44    26.029
1607.04    20.572
1554.4    73.402
1574.56    53.487
1590.24    38.029
1528.64    101.317
1585.76    44.372
1602.56    29.686
1603.68    29.029
1605.92    27.8
1563.36    72.288
1580.16    58.83
1537.6    102.216
1613.76    27.915
1618.24    27.8
1617.12    29.035
1621.6    26.915
1594.72    56.156
1599.2    52.059
1600.32    51.053
1624.96    26.572
1614.88    37.121
1612.64    39.601
1631.68    20.676
1619.36    33.11
1596.96    55.716
1609.28    43.716
1632.8    23.8
1635.04    23.572
1622.72    37.258
1630.56    30.258
1589.12    76.745
1623.84    42.372
1642.88    23.686
1582.4    84.28
1641.76    27.915
1586.88    83.584
1640.64    30.915
1627.2    44.469
1620.48    52.716
1637.28    38.144
1644    32.922
1648.48    29.029
1639.52    38.487
1638.4    40.126
1604.8    74.631
1628.32    52.168
1649.6    31.003
1610.4    70.402
1652.96    27.956
1626.08    55.716
1647.36    36.915
1658.56    26.686
1645.12    40.24
1656.32    30.265
1629.44    57.944
1659.68    27.819
1616    72.288
1661.92    26.572
1664.16    25.8
1663.04    27.144
1651.84    38.466
1657.44    35.258
1646.24    47.372
1667.52    29.686
1670.88    26.572
1611.52    86.046
1633.92    65.402
1676.48    27.8
1674.24    31.029
1636.16    70.402
1680.96    27.915
1683.2    26.029
1684.32    28.8
1685.44    27.8
1687.68    26.572
1668.64    46.487
1677.6    39.144
1693.28    23.686
1689.92    28.029
1669.76    49.83
1688.8    30.915
1675.36    44.469
1654.08    66.85
1694.4    26.8
1702.24    20.572
1666.4    56.526
1608.16    115.215
1701.12    22.686
1698.88    26.572
1691.04    34.915
1695.52    31.029
1679.84    47.487
1703.36    28.162
1673.12    59.059
1704.48    29.686
1650.72    84.668
1700    38.38
1696.64    42.493
1713.44    26.572
1714.56    26.572
1686.56    54.83
1705.6    36.8
1692.16    50.83
1678.72    66.179
1682.08    62.933
1716.8    30.915
1672    76.631
1707.84    42.258
1697.76    53.716
1665.28    87.516
1710.08    43.601
1732.48    22.686
1726.88    29.8
1736.96    20.572
1730.24    27.8
1711.2    47.584
1660.8    98.66
1708.96    50.716
1733.6    26.572
1706.72    54.487
1724.64    37.144
1715.68    46.218
1729.12    33.144
1735.84    26.8
1717.92    47.812
1739.2    28.144
1728    39.915
1731.36    36.8
1725.76    43.144
1734.72    43.144
1749.28    29.686
1751.52    27.8
1753.76    27.144
1750.4    30.915
1742.56    41.372
1745.92    38.127
1752.64    32.144
1712.32    73.173
1758.24    27.8
1721.28    65.83
1743.68    44.487
1761.6    26.681
1763.84    25.8
1757.12    34.029
1767.2    24.8
1766.08    26.572
1769.44    23.572
1747.04    46.83
1748.16    46.372
1756    40.258
1772.8    23.686
1740.32    56.601
1773.92    23.686
1719.04    80.631
1741.44    60.944
1764.96    39.144
1754.88    49.927
1775.04    30.915
1779.52    26.915
1723.52    83.029
1738.08    69.516
1762.72    47.716
1780.64    30.144
1784    26.915
1771.68    39.349
1759.36    51.83
1777.28    35.029
1722.4    91.745
1782.88    32.029
1787.36    27.8
1655.2    160.075
1788.48    29.8
1778.4    39.995
1789.6    29.686
1791.84    29.144
1790.72    30.915
1720.16    102.088
1798.56    23.803
1799.68    23.8
1744.8    79.358
1785.12    43.144
1760.48    68.173
1809.76    20.572
1794.08    36.915
1770.56    60.83
1801.92    29.686
1812    20.457
1803.04    29.686
1807.52    28.915
1816.48    20.572
1814.24    23.8
1813.12    26.686
1786.24    53.68
1781.76    60.059
1795.2    47.83
1808.64    36.029
1817.6    29.144
1823.2    23.658
1820.96    27.8
1806.4    42.487
1825.44    23.572
1818.72    30.915
1768.32    82.944
1831.04    20.457
1822.08    29.686
1829.92    23.572
1805.28    48.326
1833.28    20.572
1819.84    37.029
1815.36    44.487
1792.96    67.001
1834.4    26.572
1776.16    84.926
1824.32    37.144
1835.52    26.572
1800.8    62.253
1836.64    26.915
1828.8    37.029
1826.56    40.029
1843.36    23.572
1827.68    40.029
1837.76    30.8
1841.12    30.029
1844.48    26.8
1851.2    20.572
1848.96    23.572
1846.72    26.686
1847.84    26.572
1810.88    65.173
1840    38.266
1854.56    26.572
1852.32    29.686
1842.24    41.716
1796.32    88.088
1853.44    32.8
1855.68    30.915
1864.64    23.572
1832.16    56.166
1862.4    26.144
1869.12    20.572
1861.28    29.686
1865.76    26.572
1863.52    32.915
1871.36    26.572
1870.24    29.686
1873.6    26.572
1845.6    54.944
1850.08    50.83
1856.8    44.487
1874.72    26.681
1879.2    23.572
1804.16    99.432
1880.32    23.572
1884.8    20.572
1859.04    48.601
1866.88    41.372
1882.56    27.915
1872.48    38.109
1797.44    115.643
1887.04    27.8
1875.84    39.258
1857.92    59.83
1881.44    39.258
1878.08    43.144
1885.92    37.029
1896    27.8
1860.16    64.173
1897.12    27.915
1888.16    38.029
1876.96    50.258
1889.28    40.372
1901.6    28.167
1890.4    40.258
1911.68    20.457
1910.56    23.686
1904.96    29.686
1868    70.138
1908.32    30.915
1894.88    45.601
1903.84    38.029
1906.08    36.8
1893.76    49.944
1917.28    26.572
1920.64    26.915
1919.52    29.029
1918.4    30.264
1898.24    53.601
1925.12    27.144
1892.64    62.944
1883.68    72.402
1909.44    47.601
1907.2    50.487
1932.96    24.841
1935.2    23.572
1891.52    67.405
1916.16    43.144
1931.84    27.915
1922.88    37.144
1912.8    48.83
1902.72    59.059
1929.6    32.915
1915.04    50.716
1838.88    128.004
1900.48    67.145
1939.68    29.029
1948.64    20.457
1937.44    33.029
1926.24    45.144
1941.92    29.686
1921.76    49.96
1945.28    26.572
1938.56    34.029
1930.72    42.372
1934.08    43.372
1953.12    26.572
1924    58.173
1949.76    32.8
1899.36    83.317
1954.24    30.915
1958.72    27.8
1955.36    31.372
1936.32    50.83
1967.68    20.572
1952    37.258
1959.84    30.915
1964.32    26.572
1966.56    24.8
1962.08    29.686
1968.8    25.8
1972.16    23.572
1963.2    32.8
1960.96    40.372
1965.44    36.029
1913.92    88.86
1981.12    23.572
1969.92    35.372
1950.88    54.944
1980    27.808
1943.04    66.631
1982.24    29.144
1988.96    23.8
1974.4    38.487
1983.36    29.686
1991.2    23.686
1993.44    23.686
1994.56    23.686
1997.92    20.572
1928.48    94.934
1996.8    27.915
1976.64    48.487
1992.32    33.8
2005.76    20.475
1975.52    51.944
2000.16    28.029
1990.08    41.372
1947.52    85.974
1940.8    93.317
2001.28    33.144
2019.2    20.457
2013.6    26.8
2002.4    38.487
2011.36    29.686
2004.64    37.144
2021.44    20.458
1995.68    46.332
1985.6    56.83
1957.6    87.402
2010.24    36.258
1977.76    69.277
2027.04    20.572
2016.96    30.915
2018.08    30.915
1984.48    64.927
2014.72    34.915
2023.68    26.572
2022.56    30.258
1987.84    65.092
1999.04    56.059
2028.16    27.8
2012.48    43.595
2008    48.258
2030.4    26.572
2009.12    48.372
2037.12    20.487
2033.76    25.8
1946.4    114.804
2029.28    32.933
2025.92    36.8
1973.28    89.745
1956.48    106.667
2020.32    44.487
2038.24    26.8
1944.16    121.148
2046.08    20.457
1927.36    140.813
2031.52    38.372
2043.84    26.572
2006.88    66.516
2051.68    23.572
2050.56    26.572
1986.72    90.974
2053.92    23.888
2047.2    30.915
2048.32    30.915
2052.8    26.572
2041.6    38.144
2057.28    23.572
2044.96    36.487
2003.52    80.516
2058.4    25.8
2061.76    23.572
1978.88    106.566
2059.52    28.915
2036    52.601
2034.88    55.927
1971.04    120.167
2062.88    30.915
2015.84    79.516
2066.24    29.686
2069.6    29.686
2040.48    58.944
2072.96    29.686
2056.16    46.601
2049.44    53.83
2079.68    23.8
2070.72    34.029
2074.08    30.915
2055.04    50.83
2080.8    26.572
2067.36    40.126
2087.52    20.457
2077.44    30.915
2084.16    26.686
2065.12    47.372
2081.92    30.915
2089.76    23.915
2092    22.572
2094.24    20.457
2085.28    30.915
2097.6    20.457
2032.64    85.532
2024.8    94.259
2075.2    46.258
2098.72    23.686
2095.36    27.8
2068.48    54.83
2078.56    45.601
2096.48    29.029
2099.84    27.915
2090.88    37.144
2039.36    88.86
2042.72    86.516
2106.56    23.572
2102.08    29.686
2086.4    46.372
2103.2    30.915
2088.64    51.601
2071.84    69.288
2064    77.745
2114.4    27.8
2115.52    30.915
2111.04    36.258
2104.32    43.487
2108.8    39.258
2100.96    47.458
2118.88    30.915
2105.44    44.469
2113.28    36.915
2109.92    41.258
2093.12    59.27
2117.76    48.372
2083.04    95.974
2076.32    103.432
2060.64    127.745
2116.64    72.288
2112.16    81.088
2107.68    160.177
