198.889
30.686
148.546
59.487
156.66
52.83
23.572
23.572
40.029
33.915
153.974
79.059
125.288
48.258
47.144
190.66
289.491
92.944
140.86
36.029
73.716
52.029
23.572
51.258
140.974
85.716
80.83
91.173
62.372
196.576
224.576
58.144
350.864
23.572
23.572
114.288
219.889
203.775
44.258
240.347
139.516
40.029
141.745
387.864
268.804
45.915
58.144
23.572
33.8
68.258
23.572
23.572
164.974
140.516
223.347
68.258
121.402
23.572
259.69
23.572
265.69
412.207
342.834
361.292
332.605
68.258
252.347
23.572
145.516
119.288
123.402
112.944
103.173
219.118
29.8
23.572
114.173
78.487
45.915
102.944
114.173
61.487
135.516
92.83
102.83
135.288
158.745
78.487
68.258
23.572
143.86
80.716
45.915
29.8
33.8
78.487
92.716
104.402
135.203
68.372
41.029
108.173
276.148
136.088
167.546
58.258
123.631
147.631
131.86
58.372
109.173
35.8
241.118
443.092
23.572
186.546
147.745
127.402
154.631
198.432
42.029
69.372
44.029
23.572
110.944
139.402
40.029
35.8
218.889
259.461
23.572
44.029
111.059
151.745
33.8
238.232
339.292
35.8
309.605
319.376
80.601
127.288
294.148
255.804
265.262
262.292
133.402
62.144
143.631
45.915
347.177
45.915
236.376
58.487
402.092
107.516
243.118
179.317
166.546
91.944
211.461
111.288
101.516
226.919
96.516
81.601
52.144
198.004
274.491
293.749
224.576
244.919
304.177
360.177
45.029
84.716
187.317
186.203
225.889
126.288
207.432
424.292
340.605
44.915
109.83
93.83
92.716
40.8
57.029
202.546
63.029
215.432
138.288
366.864
109.944
56.029
151.516
77.487
130.516
116.059
82.944
442.321
133.288
159.631
47.258
23.572
52.029
273.347
202.232
304.461
123.716
75.144
285.033
23.572
30.686
130.402
90.601
23.572
29.686
215.432
170.86
62.144
413.063
108.288
186.317
89.487
258.347
176.86
29.686
102.83
123.173
356.148
44.915
77.487
390.376
116.83
106.83
111.059
134.288
52.029
228.432
52.144
45.915
133.059
209.088
165.631
127.288
45.915
318.804
62.144
187.432
29.686
179.745
127.059
40.915
129.173
63.029
89.487
421.749
90.601
188.088
254.004
127.059
61.258
29.686
78.601
52.144
95.83
78.372
118.288
84.601
73.258
475.321
90.601
117.288
77.487
268.232
231.775
149.402
146.402
29.686
48.144
30.686
63.029
40.8
215.775
182.86
23.572
236.775
40.8
133.173
46.915
324.461
40.8
138.288
194.974
222.546
72.372
117.944
57.029
29.686
115.173
79.372
29.686
362.834
40.8
90.372
41.915
57.029
189.203
51.915
100.716
46.915
122.173
40.8
75.258
51.144
92.83
72.372
57.029
30.686
34.915
51.915
217.432
51.915
57.029
40.8
40.8
73.258
85.487
141.86
91.601
30.686
89.716
29.686
154.402
272.69
115.944
88.716
29.686
57.029
71.601
67.372
29.686
89.487
135.288
130.173
67.258
138.402
95.601
63.144
89.487
221.889
40.8
439.864
134.173
63.029
40.8
330.262
85.372
40.8
45.915
84.716
73.258
63.144
134.402
144.288
87.601
40.8
117.944
211.546
111.059
230.118
84.487
156.516
107.83
40.8
273.576
69.258
89.716
100.83
111.944
40.8
218.004
341.262
195.203
89.487
86.601
300.148
95.601
57.029
139.288
71.601
122.059
191.432
104.944
51.144
134.402
30.686
85.487
62.144
89.487
53.372
36.915
166.86
34.915
214.66
45.915
126.402
142.516
46.915
248.118
69.258
227.775
65.258
79.372
146.402
110.173
104.288
156.516
107.601
134.631
75.258
67.372
46.915
40.8
30.686
263.804
73.258
51.144
62.144
57.029
131.288
188.317
51.915
126.173
258.232
83.487
102.601
141.173
203.775
126.173
99.716
386.262
132.402
181.203
393.52
315.919
148.745
41.915
78.372
51.915
63.029
191.317
177.745
433.406
266.461
253.004
56.144
39.8
158.86
101.716
45.915
131.059
162.745
55.372
156.974
50.144
143.516
103.83
42.144
52.144
104.716
39.8
46.029
105.716
41.029
40.8
48.258
57.487
51.144
156.631
162.974
101.944
49.144
139.402
58.144
68.258
116.059
47.029
133.86
67.258
173.974
63.029
39.8
52.144
36.029
45.144
99.83
108.944
93.601
24.686
75.059
117.944
67.372
81.83
98.716
93.716
33.8
24.686
58.144
71.372
61.144
65.372
52.029
46.029
73.487
40.915
57.029
40.8
62.144
55.258
29.686
39.8
104.83
74.258
24.686
84.487
40.8
63.029
87.83
50.144
259.804
58.372
61.487
29.686
59.372
58.029
97.83
30.686
23.572
55.144
99.83
84.487
53.144
30.915
72.372
24.686
33.8
30.8
35.8
45.915
93.83
96.944
144.402
74.372
57.144
154.516
97.173
23.572
89.601
39.8
116.059
40.029
83.716
177.088
40.915
23.572
24.686
55.487
30.8
80.487
47.144
56.029
23.572
23.572
39.8
23.572
23.572
40.915
69.372
57.144
69.144
69.487
24.686
62.601
63.258
56.258
35.8
29.8
35.8
66.487
39.8
24.686
69.372
63.258
23.572
23.572
89.83
121.631
29.686
90.601
23.572
23.572
51.144
30.8
29.686
34.8
45.915
30.686
39.8
134.516
23.572
44.915
68.487
24.686
66.372
38.915
49.144
23.572
30.686
23.572
72.601
133.288
30.915
45.915
23.572
23.572
60.716
36.029
29.686
29.686
34.8
52.029
45.915
61.144
68.258
23.572
30.686
39.8
23.572
149.745
29.686
29.686
30.686
63.258
23.572
84.601
39.915
23.572
23.572
132.288
29.686
75.944
23.572
23.572
35.8
23.572
29.686
70.716
23.572
29.686
130.516
23.572
23.572
39.8
23.572
29.686
51.029
45.915
90.601
50.144
24.686
58.372
23.572
29.686
88.601
90.173
79.716
66.258
100.601
47.258
166.631
23.572
29.686
70.716
45.915
68.144
23.572
203.546
56.029
29.8
45.915
74.83
23.572
29.686
23.572
75.716
79.601
68.258
23.572
115.944
78.487
40.8
29.686
68.258
35.8
45.915
23.572
68.372
23.572
35.8
94.601
72.372
23.572
60.258
29.686
45.915
68.258
62.144
23.572
166.745
80.487
29.686
52.029
88.487
23.572
23.572
29.686
116.944
93.601
55.144
72.487
94.601
56.144
88.601
29.8
108.944
23.572
29.686
23.572
35.8
23.572
39.8
41.915
121.059
46.029
23.572
34.8
143.173
56.029
41.915
39.8
45.915
39.8
39.8
274.118
199.66
35.8
29.686
125.173
209.432
23.572
95.716
55.144
57.144
45.915
141.402
155.173
29.686
29.686
104.83
62.144
23.572
23.572
33.8
94.601
56.029
44.029
39.8
56.029
62.258
23.572
23.572
149.631
39.8
23.572
52.029
86.716
94.601
39.8
56.029
45.915
39.8
23.572
39.915
34.8
110.83
23.572
168.974
137.173
68.258
75.601
108.944
56.144
29.686
23.572
50.144
41.915
23.572
31.915
29.686
50.029
23.572
39.8
23.572
56.029
23.572
56.029
23.572
61.258
23.572
39.8
23.572
29.8
62.144
23.572
23.572
23.572
23.572
55.144
39.8
81.601
29.686
23.572
104.83
92.716
29.686
45.915
39.8
23.572
23.572
23.572
39.8
33.915
23.572
50.029
23.572
23.572
23.572
23.572
68.258
29.686
23.572
23.572
58.144
29.686
50.029
56.144
39.8
71.372
23.572
29.686
39.8
23.572
29.686
56.029
52.029
23.572
33.8
56.029
29.686
23.572
23.572
23.572
62.144
97.944
24.686
39.8
123.716
39.8
50.144
68.144
24.686
99.601
110.173
68.258
50.029
23.572
23.572
42.029
33.8
29.686
23.572
23.572
39.8
240.546
29.686
33.8
111.83
23.572
29.686
109.288
23.572
23.572
23.572
23.572
23.572
23.572
29.686
62.144
35.8
23.572
33.8
23.572
56.258
29.686
29.686
62.487
114.059
33.8
29.686
64.258
52.029
23.572
45.915
23.572
23.572
23.572
29.686
55.144
62.144
23.572
67.258
48.029
23.572
23.572
23.572
58.372
23.572
23.572
77.487
33.8
29.686
23.572
29.686
50.029
23.572
81.601
23.572
81.601
29.686
23.572
23.572
23.572
23.572
23.572
23.572
45.915
29.686
29.686
104.83
23.572
23.572
29.686
33.8
33.8
23.572
23.572
39.915
23.572
23.572
203.088
40.029
29.686
41.915
50.029
29.686
39.915
29.686
52.144
23.572
23.572
33.8
23.572
29.686
23.572
23.572
56.144
23.572
29.686
29.686
60.258
23.572
45.915
76.487
23.572
33.8
29.686
29.686
29.686
119.402
45.915
45.915
29.686
45.915
23.572
50.029
23.572
44.144
23.572
29.686
30.8
23.572
23.572
23.572
23.572
29.686
23.572
29.686
46.029
23.572
29.686
29.686
29.686
23.572
29.686
23.572
46.029
23.572
23.572
45.915
78.487
40.915
39.8
33.8
39.915
29.686
23.572
66.258
29.686
23.572
29.686
23.572
29.686
33.8
29.686
40.915
33.8
23.572
23.572
29.686
29.686
29.686
23.572
62.144
23.572
29.686
65.372
79.601
23.572
95.716
52.029
29.686
29.686
62.144
39.915
29.686
23.572
51.258
23.572
23.572
23.572
29.686
23.572
29.686
29.686
23.572
23.572
61.258
23.572
23.572
29.686
29.686
29.686
121.944
141.402
29.686
29.686
55.144
78.258
23.572
115.944
108.173
127.944
29.686
51.915
55.144
23.572
38.144
113.288
29.686
23.572
29.686
23.572
33.8
77.487
29.686
23.572
29.686
23.572
109.173
23.572
75.601
33.8
29.686
29.686
39.915
24.686
33.915
23.572
40.915
23.572
23.572
23.572
115.944
29.686
71.372
126.173
83.716
23.572
77.487
39.8
29.686
23.572
45.915
23.572
39.8
29.686
23.572
23.572
23.572
29.686
39.8
23.572
29.686
56.144
29.686
23.572
29.686
29.686
29.686
23.572
23.572
23.572
29.686
82.601
29.686
29.686
23.572
29.686
61.372
23.572
23.572
29.686
35.8
61.258
23.572
61.258
29.686
29.686
33.8
23.572
39.8
59.372
23.572
29.686
29.686
55.144
23.572
23.572
23.572
61.258
29.686
29.686
33.8
29.686
23.572
42.029
29.686
23.572
29.686
65.372
23.572
61.258
23.572
29.686
153.402
23.572
29.686
40.029
55.144
23.572
29.686
23.572
29.686
72.716
29.686
39.8
83.716
29.686
23.572
23.572
55.144
23.572
30.8
23.572
23.572
33.8
23.572
42.029
39.8
29.686
29.686
35.915
23.572
33.8
29.686
29.686
23.572
23.572
29.686
23.572
23.572
35.915
23.572
29.686
29.686
23.572
23.572
33.915
55.144
23.572
23.572
23.572
23.572
23.572
29.686
23.572
34.8
29.686
23.572
29.686
23.572
33.915
61.258
29.686
39.8
34.8
29.686
23.572
90.944
29.686
81.716
59.372
23.572
40.915
40.029
53.029
29.686
23.572
23.572
23.572
29.686
33.915
29.686
29.686
23.572
29.686
55.144
29.686
30.8
45.915
62.144
47.029
99.716
30.8
23.572
76.83
77.487
23.572
29.686
23.572
23.572
24.686
29.686
33.8
35.915
24.686
41.029
23.572
29.686
23.572
23.572
29.686
23.572
77.372
68.487
23.572
55.144
29.686
23.572
23.572
23.572
40.915
23.572
23.572
39.915
24.686
29.686
29.686
29.686
23.572
29.686
29.686
29.8
29.686
84.716
24.686
29.8
62.372
29.686
39.8
62.372
29.686
29.686
33.915
29.686
23.572
23.572
29.686
29.686
29.686
23.572
23.572
53.029
67.487
92.83
35.915
39.8
33.915
23.572
29.686
23.572
33.8
29.686
23.572
29.686
29.686
29.686
40.915
39.8
29.686
23.572
45.915
23.572
56.029
41.915
23.572
23.572
35.8
23.572
23.572
29.686
23.572
23.572
23.572
29.686
23.572
23.572
29.686
29.686
29.686
23.572
35.915
35.8
61.258
29.686
33.915
23.572
55.144
35.8
33.8
62.144
23.572
29.686
63.144
103.059
23.572
23.572
23.572
29.686
23.572
29.686
29.686
23.572
29.686
52.029
23.572
23.572
23.572
23.572
23.572
29.8
23.572
40.029
35.8
55.144
29.686
23.572
61.258
55.144
23.572
23.572
23.572
29.686
23.572
65.372
24.686
29.686
23.572
23.572
29.686
29.686
29.686
64.144
23.572
29.686
23.572
73.487
29.686
29.686
77.487
23.572
23.572
23.572
23.572
61.258
77.372
23.572
29.686
94.83
55.144
29.686
23.572
23.572
23.572
23.572
61.258
29.8
23.572
23.572
23.572
23.572
45.915
29.686
29.686
40.029
24.686
29.686
29.686
46.029
23.572
23.572
29.686
23.572
29.686
40.915
39.8
29.686
29.686
52.029
29.686
55.144
23.572
77.487
29.686
73.601
23.572
23.572
29.8
23.572
23.572
29.686
23.572
55.144
23.572
23.572
23.572
77.487
23.572
23.572
23.572
23.572
33.8
33.8
23.572
23.572
23.572
24.686
23.572
29.686
33.915
23.572
24.686
23.572
61.258
23.572
23.572
29.686
23.572
29.8
23.572
29.8
29.686
65.372
23.572
55.144
23.572
23.572
55.144
55.144
23.572
33.8
23.572
23.572
29.686
23.572
23.572
23.572
97.944
33.8
39.915
61.258
23.572
23.572
23.572
52.029
33.8
29.686
23.572
23.572
55.144
34.8
33.8
29.686
29.686
23.572
23.572
23.572
73.83
30.8
50.258
39.915
23.572
23.572
55.144
59.372
33.8
29.686
23.572
61.258
29.686
23.572
29.686
29.686
23.572
29.686
33.8
56.144
55.144
23.572
29.686
39.915
23.572
55.144
33.8
33.8
83.601
23.572
23.572
29.686
61.372
23.572
50.029
61.258
61.258
23.572
23.572
29.686
23.572
75.601
86.716
52.144
45.029
23.572
23.572
23.572
23.572
29.686
23.572
40.029
23.572
96.944
60.372
39.915
54.258
23.572
60.258
77.601
44.029
39.915
65.372
23.572
29.8
35.8
23.572
61.258
29.686
23.572
29.686
23.572
29.686
92.83
23.572
39.8
45.915
45.029
23.572
23.572
29.8
29.686
75.601
125.631
29.686
83.83
64.487
29.686
71.601
33.8
23.572
23.572
105.059
29.686
171.775
29.686
29.8
91.83
23.572
23.572
29.686
40.915
23.572
67.487
29.686
29.686
39.915
40.915
29.686
33.915
23.572
23.572
23.572
40.915
54.258
29.686
39.915
23.572
34.8
50.144
29.686
23.572
34.8
40.915
46.029
55.144
29.686
23.572
118.288
29.686
37.029
29.686
55.144
45.915
23.572
23.572
23.572
23.572
29.686
33.8
29.686
33.8
29.686
29.686
23.572
33.915
55.144
61.258
29.686
23.572
29.686
34.8
35.8
23.572
45.029
96.944
69.716
108.288
72.716
29.686
23.572
87.83
103.173
34.8
29.686
91.944
55.144
61.258
23.572
40.915
81.716
46.029
61.258
47.144
61.258
34.8
75.601
109.173
138.745
256.033
90.944
77.83
73.487
109.402
61.258
227.576
213.004
104.059
29.686
55.144
35.8
71.487
170.432
29.686
40.915
29.686
61.258
61.258
166.317
166.203
157.088
35.915
172.317
29.686
84.944
132.631
232.576
194.546
71.487
281.605
34.8
274.376
169.432
42.258
29.686
77.487
108.83
55.144
97.059
45.029
29.686
180.004
156.088
104.059
155.203
47.144
29.686
62.258
83.601
35.8
79.601
83.487
329.406
29.686
33.8
61.258
29.686
67.372
55.144
250.919
184.203
314.292
72.601
29.686
121.288
23.572
24.686
127.288
23.572
72.487
103.059
77.601
29.686
35.8
29.686
72.487
33.8
130.516
23.572
111.059
40.915
35.8
23.572
35.8
35.8
77.487
35.8
83.601
93.83
102.83
208.232
35.8
131.516
260.919
57.144
250.804
98.944
35.8
29.686
61.258
62.258
374.978
189.775
121.402
23.572
106.944
91.944
35.8
56.258
39.915
236.033
35.8
77.601
176.118
58.029
67.372
71.601
177.66
83.487
29.686
58.029
48.144
123.631
71.487
34.915
40.915
81.83
167.775
29.686
46.144
48.029
29.686
64.601
68.944
56.258
29.686
89.716
102.86
40.029
72.372
62.258
29.686
29.686
35.8
44.258
108.288
73.487
48.029
29.686
61.258
48.487
29.686
109.288
40.029
162.432
133.516
45.915
68.487
61.258
45.144
41.915
61.258
45.915
67.372
35.8
41.915
171.432
34.8
45.915
29.686
29.686
35.8
52.029
111.288
57.144
56.144
29.686
29.686
58.144
171.088
80.601
29.686
219.118
77.601
29.686
29.686
35.8
35.8
142.631
29.686
35.8
75.83
174.088
160.974
29.686
106.944
29.686
35.8
29.686
61.258
112.173
84.716
35.8
197.889
148.86
356.978
29.686
35.8
38.144
54.144
46.029
101.944
74.601
76.372
29.686
39.915
177.889
35.8
64.258
35.8
64.487
67.372
121.173
39.915
246.347
173.317
122.402
40.029
29.686
162.86
181.317
91.944
121.516
35.8
35.8
35.8
65.487
192.775
87.059
61.258
135.745
46.144
80.716
124.974
29.686
35.8
35.8
330.406
184.775
100.83
70.372
72.487
23.572
54.144
149.745
93.944
56.144
23.572
104.173
62.144
122.402
114.745
347.864
66.372
54.144
122.402
44.029
29.686
107.402
67.372
29.686
245.232
220.347
56.144
52.029
70.372
41.915
30.686
74.487
244.461
29.686
29.686
40.029
41.915
71.601
93.716
35.8
71.601
396.321
57.144
30.686
40.915
51.915
58.258
52.144
97.83
318.605
39.915
138.088
29.8
29.686
89.601
34.8
68.487
147.631
52.029
29.686
64.372
90.601
179.088
60.487
171.203
241.347
105.173
106.83
66.601
95.745
120.288
68.716
34.8
40.915
45.915
79.258
61.258
81.372
70.716
35.8
148.745
23.572
29.686
62.372
83.601
102.288
73.487
70.372
45.029
127.402
93.059
63.372
89.288
93.173
112.059
61.372
133.516
30.686
73.716
115.402
93.173
52.029
78.601
41.915
110.974
125.516
52.029
34.8
35.8
35.915
58.144
78.173
85.059
23.572
83.944
29.686
56.144
54.372
65.372
55.144
34.8
51.144
97.173
40.915
95.83
281.605
145.631
29.686
305.262
49.372
69.372
246.804
278.919
97.83
30.686
58.144
122.173
73.716
42.144
106.173
232.461
86.944
51.029
95.944
41.144
39.8
24.686
63.258
29.686
24.686
157.974
23.572
33.8
54.258
29.686
123.173
254.69
95.716
45.915
66.487
80.487
59.258
53.258
52.029
113.173
29.686
24.686
30.686
77.601
119.173
34.915
151.745
303.148
104.059
139.631
57.258
34.8
110.83
120.402
105.83
29.686
243.004
78.601
42.029
224.66
182.974
87.716
29.686
35.8
78.487
225.775
81.944
69.372
159.088
180.775
84.716
34.8
35.8
51.029
106.83
39.8
78.716
47.029
63.258
68.258
34.8
245.576
56.144
67.258
251.919
73.372
53.258
343.292
94.716
40.915
64.372
34.8
56.144
62.258
83.716
212.347
46.029
243.69
268.576
57.144
125.173
63.372
46.915
35.915
40.915
120.173
52.144
76.716
30.8
62.144
121.173
124.173
91.83
82.173
29.686
355.292
34.8
202.004
52.029
35.8
108.402
153.974
90.601
100.83
56.258
268.033
68.372
94.83
58.372
39.915
29.686
110.944
23.572
29.686
35.8
95.716
52.029
231.004
120.288
109.059
110.944
178.203
48.029
183.088
24.686
56.144
350.292
29.686
120.173
129.173
45.915
35.8
23.572
29.8
92.173
149.86
68.258
73.372
29.8
29.686
52.029
99.173
29.686
108.944
190.546
83.716
123.173
29.686
23.572
133.631
33.915
72.716
53.372
23.572
260.033
88.487
68.487
210.118
29.686
147.631
35.029
53.029
77.716
29.686
68.487
64.258
149.516
85.059
54.601
64.372
69.372
23.572
52.372
148.088
206.775
87.944
62.144
23.572
71.601
125.516
147.631
50.144
110.059
50.144
122.059
58.372
64.372
44.258
155.088
115.059
39.915
102.83
138.745
129.173
165.203
263.461
88.83
54.144
59.258
185.203
285.919
141.745
117.288
41.915
108.173
109.173
29.686
52.029
90.944
86.601
30.686
78.601
48.029
46.144
63.372
89.83
63.372
116.631
63.258
145.631
34.8
78.601
41.915
41.915
57.144
197.775
29.686
38.144
33.915
68.372
35.8
53.144
119.173
161.088
52.029
105.059
89.83
161.203
39.915
56.029
29.686
109.288
45.144
98.944
174.088
29.686
65.372
40.915
41.915
128.86
206.004
97.83
140.631
30.8
147.631
53.144
97.83
65.372
104.944
30.686
35.8
62.601
29.686
29.686
35.029
65.372
58.372
29.686
29.686
39.915
40.915
35.8
50.144
40.915
84.601
30.686
63.258
24.686
52.029
58.144
40.029
76.487
29.686
29.686
109.944
73.487
196.118
40.915
131.516
74.372
24.686
192.66
65.487
29.686
86.601
79.487
174.088
34.8
36.915
96.059
52.029
35.8
30.8
63.372
108.059
34.8
63.372
76.716
47.144
62.144
29.686
84.83
35.915
75.487
52.144
29.686
40.915
35.8
52.029
35.8
64.258
29.686
73.372
23.572
42.029
112.173
40.029
68.258
29.686
41.258
29.686
35.8
84.83
94.83
47.029
40.915
39.8
40.915
35.915
29.686
62.258
52.258
51.144
35.915
35.8
29.686
74.372
33.8
30.686
62.372
128.745
29.686
47.144
29.686
94.716
68.487
38.144
52.029
35.8
116.402
50.144
62.258
29.686
48.029
35.915
153.631
29.686
23.572
33.915
23.572
29.686
65.487
45.915
40.915
42.144
47.258
29.686
23.572
62.144
37.029
52.029
84.601
35.8
24.686
58.144
29.686
23.572
64.372
86.716
100.059
35.8
35.8
107.173
44.029
23.572
58.144
39.915
47.029
29.686
29.686
35.8
33.915
55.601
51.029
29.686
29.686
51.258
96.83
34.8
105.86
57.144
62.258
93.944
34.8
72.716
38.144
40.029
68.601
43.029
62.372
95.059
47.029
35.8
43.029
82.601
52.029
74.716
56.258
29.686
41.029
30.8
50.144
162.203
70.601
96.716
35.8
29.686
117.402
35.8
83.059
58.144
40.915
40.144
40.915
64.258
40.915
48.029
35.8
29.686
47.144
30.8
44.029
29.686
35.8
50.487
46.258
24.686
35.8
23.572
35.915
52.029
61.372
52.029
47.258
74.372
35.8
30.686
42.029
29.686
48.258
36.029
90.83
23.572
41.915
70.487
35.8
62.372
48.258
35.8
29.686
35.8
35.8
29.686
67.372
23.572
23.572
34.8
35.8
95.402
29.686
40.029
29.686
35.8
81.83
35.8
35.8
58.487
35.8
52.029
29.686
35.8
35.915
57.144
35.8
40.915
39.915
35.8
34.8
35.8
46.029
56.372
30.8
78.83
40.144
90.173
88.716
35.8
63.258
35.8
58.144
35.8
29.686
23.572
35.8
35.8
35.8
29.686
46.029
35.8
35.915
35.8
35.915
119.173
29.686
107.173
40.029
56.258
29.686
45.144
33.8
35.8
34.8
41.915
41.915
41.915
29.686
40.915
56.258
62.258
29.686
35.8
33.8
40.915
29.686
23.572
48.144
59.487
24.686
46.029
29.686
29.686
23.572
35.8
59.487
29.686
99.173
35.8
23.572
30.686
29.686
33.8
50.258
35.8
35.8
84.944
47.144
52.258
62.258
78.716
29.686
41.915
53.144
41.915
29.686
66.716
29.686
52.258
35.8
29.686
29.686
35.8
29.686
29.686
33.915
29.686
29.686
35.8
40.915
42.029
50.144
29.686
107.402
92.716
59.487
45.144
35.915
23.572
35.8
65.716
74.601
47.144
33.915
83.716
55.601
39.915
23.572
29.686
35.915
30.8
29.686
48.029
40.029
52.029
34.8
35.8
40.915
29.686
64.258
23.572
29.686
23.572
45.915
23.572
35.915
46.372
30.686
29.686
29.686
40.915
29.8
58.487
47.144
33.915
71.487
43.029
35.8
33.915
66.716
35.8
70.601
35.8
40.915
189.546
35.8
65.487
48.258
96.516
35.8
35.8
57.372
30.8
35.915
77.716
29.686
40.915
29.686
29.686
35.8
29.686
23.572
48.144
39.915
52.258
45.144
30.686
33.915
35.8
94.83
29.686
62.372
56.258
34.8
35.8
34.8
59.372
40.915
39.915
29.686
29.686
29.686
42.029
33.8
23.572
29.686
45.915
29.686
23.572
29.686
29.686
52.029
29.686
40.915
29.686
39.915
29.686
42.029
29.686
40.915
46.029
74.716
35.8
35.8
34.8
29.686
61.487
33.8
40.915
29.686
35.8
35.915
40.915
89.716
35.915
45.144
29.686
93.83
58.144
24.686
40.915
63.258
40.144
29.686
30.686
40.144
29.686
42.144
48.258
41.915
47.144
35.915
29.686
23.572
52.029
40.915
35.8
29.686
46.601
45.915
46.029
29.686
39.8
52.029
45.144
46.029
29.686
39.915
63.601
62.372
52.029
52.029
35.8
65.487
41.915
29.686
29.686
29.686
29.8
29.686
51.372
29.686
23.572
39.8
29.8
35.915
23.572
29.686
33.915
58.144
40.915
52.029
56.258
29.686
58.487
23.572
33.915
46.258
61.258
58.144
89.83
81.944
35.8
23.572
43.487
48.258
59.258
35.8
23.572
42.144
81.716
89.83
23.572
29.686
54.372
39.915
23.572
29.686
29.686
23.572
45.915
56.258
53.372
35.915
23.572
48.029
35.8
35.8
29.686
50.372
52.029
40.029
41.915
30.686
48.029
40.915
29.686
33.915
30.8
23.572
29.686
62.487
24.686
39.258
46.144
41.915
56.258
29.686
29.686
35.8
29.686
47.029
29.686
125.516
46.144
23.572
68.258
46.144
29.686
29.686
29.686
83.716
29.686
35.8
73.601
37.029
63.372
23.572
58.372
66.487
42.372
41.915
23.572
29.686
48.144
52.258
33.915
45.915
40.144
29.686
23.572
65.601
30.8
45.915
29.686
35.915
23.572
35.915
23.572
39.8
23.572
23.572
30.915
23.572
23.572
71.83
69.601
29.686
29.686
48.144
74.372
41.915
84.716
42.144
58.144
46.029
23.572
29.686
52.029
29.686
35.8
58.144
23.572
29.686
54.258
23.572
53.144
29.8
23.572
23.572
29.8
35.8
23.572
64.601
29.686
62.487
29.686
58.144
33.915
58.372
23.572
33.915
29.686
23.572
35.029
23.572
23.572
39.8
29.686
23.572
30.8
23.572
35.8
50.029
24.686
41.915
24.686
23.572
23.572
23.572
23.572
36.915
33.915
33.915
64.372
29.686
73.716
35.915
29.686
42.029
30.8
23.572
29.686
30.8
33.915
29.686
29.686
45.915
58.144
29.686
83.83
29.686
45.915
29.686
35.915
52.029
29.686
35.915
23.572
99.83
68.258
23.572
30.8
37.029
30.8
29.686
30.8
29.686
24.686
62.372
35.8
24.686
52.029
23.572
45.915
40.915
29.686
30.8
30.686
34.8
24.686
23.572
33.8
33.915
52.144
46.144
45.915
41.915
23.572
45.915
62.144
29.686
29.686
30.686
45.915
30.8
29.8
29.686
24.686
35.8
24.686
60.372
36.915
53.144
29.686
29.686
23.572
43.258
63.258
23.572
69.372
57.144
40.029
23.572
41.258
58.144
35.8
80.372
24.686
23.572
23.572
24.686
23.572
30.686
36.915
29.686
91.716
24.686
30.8
68.258
29.686
47.258
39.258
30.686
37.029
24.686
82.944
35.915
43.487
56.144
24.686
29.686
24.686
36.915
23.572
30.686
23.572
29.8
23.572
58.372
52.029
72.944
40.144
33.8
34.915
29.686
42.144
24.686
23.572
91.601
29.686
68.258
39.258
35.915
24.686
143.974
52.144
51.144
98.288
36.915
48.372
23.572
30.915
29.8
74.372
35.915
29.686
35.8
30.8
56.258
29.686
29.686
70.716
33.915
61.601
24.686
39.8
43.144
67.716
29.686
23.572
50.601
23.572
52.029
41.915
30.915
30.8
23.572
30.915
52.144
39.8
30.686
38.144
30.686
62.258
40.915
72.601
23.572
33.8
50.144
30.8
46.029
23.572
23.572
39.8
62.144
33.915
153.631
29.8
35.915
45.915
23.572
45.915
23.572
24.686
39.8
23.572
29.8
23.572
24.686
30.915
29.686
54.372
29.686
23.572
23.572
29.8
23.572
23.572
23.572
35.915
29.8
33.915
23.572
45.915
29.8
23.572
33.915
46.029
23.572
23.572
33.915
23.572
23.572
23.572
23.572
62.144
23.572
29.8
23.572
23.572
23.572
23.572
33.8
38.144
23.572
23.572
33.915
90.601
23.572
52.144
23.572
39.8
23.572
23.572
23.572
24.686
23.572
23.572
23.572
23.572
56.029
23.572
35.8
41.915
29.686
23.572
29.686
29.8
23.572
24.686
23.572
36.029
30.915
29.686
23.572
23.572
23.572
23.572
58.144
35.8
23.572
23.572
23.572
23.572
23.572
44.258
23.572
35.8
23.572
23.572
42.915
23.572
23.572
39.8
23.572
52.029
29.686
23.572
24.686
29.8
33.915
45.915
23.572
38.144
29.686
53.144
29.8
45.915
74.716
23.572
56.029
23.572
23.572
104.944
23.572
29.686
29.686
23.572
23.572
35.915
29.686
23.572
23.572
56.258
48.487
29.686
23.572
23.572
72.601
40.915
23.572
23.572
23.572
39.8
39.8
35.8
29.686
23.572
62.372
29.686
23.572
23.572
36.029
23.572
42.258
33.915
23.572
23.572
23.572
39.8
23.572
23.572
66.487
23.572
23.572
29.8
29.8
48.144
24.686
29.8
23.572
23.572
29.8
23.572
23.572
23.572
23.572
62.144
62.144
68.372
23.572
35.915
39.915
23.572
45.915
23.572
23.572
23.572
30.686
23.572
45.915
29.686
29.686
23.572
35.915
23.572
29.686
35.915
23.572
29.686
58.258
23.572
29.8
50.144
23.572
56.029
29.8
23.572
41.029
29.686
23.572
23.572
23.572
23.572
23.572
23.572
65.372
23.572
38.144
30.915
23.572
36.029
29.8
23.572
23.572
42.029
29.8
29.686
60.372
29.686
23.572
24.686
29.8
35.8
36.029
33.915
29.686
53.487
45.915
44.258
23.572
40.029
23.572
92.944
23.572
29.8
23.572
29.8
23.572
29.686
23.572
36.029
29.686
23.572
136.631
34.8
23.572
23.572
50.144
24.686
29.686
40.029
23.572
23.572
34.8
23.572
36.915
29.686
45.915
35.8
23.572
45.915
59.258
34.8
29.686
23.572
23.572
29.686
35.915
29.686
45.915
29.686
68.258
47.144
29.686
29.686
24.686
29.686
29.686
35.915
23.572
29.686
23.572
23.572
23.572
35.915
39.8
23.572
109.288
23.572
45.915
23.572
29.686
39.8
23.572
29.686
23.572
23.572
29.686
29.686
39.8
29.686
24.686
60.372
29.686
68.258
35.8
41.915
46.029
23.572
52.144
23.572
33.8
35.8
23.572
29.686
23.572
54.144
50.372
29.686
23.572
29.686
56.029
23.572
23.572
76.487
35.8
57.144
33.8
23.572
23.572
64.258
23.572
23.572
38.144
35.8
23.572
33.8
29.686
29.686
29.686
23.572
23.572
23.572
23.572
84.487
29.686
29.686
23.572
24.686
29.686
52.029
23.572
23.572
23.572
23.572
23.572
39.8
50.144
45.915
30.8
30.686
23.572
23.572
35.915
23.572
23.572
29.686
23.572
29.686
23.572
33.915
23.572
29.686
29.686
29.686
41.915
52.029
62.144
23.572
104.944
66.601
34.8
39.8
23.572
23.572
23.572
33.915
29.686
50.258
62.372
39.8
23.572
29.686
45.915
23.572
23.572
29.686
33.8
54.372
40.029
23.572
29.686
29.686
38.144
30.8
30.686
23.572
39.8
57.144
30.686
33.915
52.029
61.258
23.572
45.915
51.029
30.8
23.572
23.572
45.915
44.258
88.516
40.029
83.601
80.487
29.686
39.8
44.258
23.572
34.8
73.173
39.8
35.8
51.144
35.8
50.372
29.686
34.8
45.915
33.915
23.572
39.8
23.572
45.029
68.258
23.572
23.572
30.8
33.915
23.572
88.944
23.572
29.686
56.029
29.686
23.572
33.915
52.029
29.686
39.144
23.572
39.8
66.372
29.686
94.601
29.686
29.686
35.8
45.144
35.8
43.372
29.686
78.601
68.258
23.572
45.915
30.686
23.572
50.144
29.686
52.258
23.572
45.915
23.572
40.915
29.686
40.029
23.572
35.8
29.686
50.144
34.915
35.8
54.601
35.8
40.915
29.686
29.686
50.372
35.8
29.686
23.572
72.258
29.686
29.686
29.686
29.686
33.915
58.144
23.572
23.572
55.258
29.686
34.8
45.029
111.059
72.372
23.572
51.029
23.572
23.572
23.572
23.572
39.8
39.8
23.572
23.572
23.572
29.686
39.8
33.8
33.915
39.8
40.029
52.029
60.258
29.686
23.572
23.572
33.915
29.686
23.572
29.686
23.572
35.8
23.572
29.686
39.8
39.915
51.144
23.572
39.8
39.8
72.372
29.686
55.144
23.572
23.572
50.144
29.686
51.029
45.915
56.029
41.915
39.8
39.8
23.572
29.686
34.915
23.572
23.572
83.83
23.572
29.686
56.144
66.258
23.572
29.686
58.601
64.258
29.686
29.686
62.372
23.572
62.144
35.8
68.258
23.572
29.686
23.572
35.8
41.915
60.258
29.686
23.572
66.258
35.8
67.372
35.8
35.8
40.029
23.572
39.258
29.686
29.686
68.258
33.8
23.572
23.572
33.915
23.572
23.572
75.944
33.8
45.915
23.572
23.572
29.686
54.144
46.915
72.487
62.144
45.915
35.915
23.572
29.8
39.8
29.686
72.372
23.572
29.686
29.686
53.029
23.572
29.686
71.487
68.258
29.686
39.8
45.915
23.572
29.686
78.487
29.686
50.144
33.8
71.601
50.029
56.258
29.686
45.915
64.258
29.686
45.915
29.686
48.029
30.686
39.915
39.915
82.601
147.631
50.144
35.915
23.572
52.029
50.83
119.631
29.686
39.915
223.232
45.915
52.029
29.686
118.631
41.915
40.029
29.686
45.915
29.686
56.029
51.029
29.686
41.915
99.944
29.686
54.372
29.686
59.144
66.372
78.944
62.258
40.029
29.686
78.601
84.487
46.029
29.686
52.258
50.372
93.944
58.144
23.572
60.258
46.029
97.173
29.686
56.029
82.601
45.915
56.144
39.915
45.915
39.8
39.915
58.144
23.572
39.915
78.487
29.686
23.572
35.915
29.686
23.572
35.8
76.716
30.686
23.572
84.601
23.572
29.8
29.686
40.029
33.8
42.144
23.572
23.572
30.686
35.8
23.572
33.915
25.8
29.8
23.572
35.8
66.487
29.686
35.8
23.572
23.572
29.686
23.572
96.716
41.915
58.029
23.572
62.258
34.915
78.487
58.144
23.572
42.029
45.915
34.8
62.372
39.8
23.572
29.8
40.029
106.83
101.944
23.572
23.572
23.572
56.144
52.029
39.8
23.572
29.686
23.572
23.572
48.029
46.029
143.516
29.686
68.258
46.029
29.686
23.572
52.029
30.686
29.686
99.944
39.8
29.686
62.144
33.8
23.572
35.8
40.029
29.686
40.029
82.716
50.029
23.572
39.915
50.029
33.915
29.686
29.686
39.915
45.915
50.144
23.572
23.572
54.144
23.572
68.487
29.686
50.372
29.686
58.029
29.686
23.572
45.915
56.144
39.8
82.944
72.372
41.915
39.8
29.686
50.258
58.144
29.686
36.029
66.372
35.8
48.029
29.686
23.572
98.83
29.686
23.572
58.601
23.572
35.915
74.372
33.915
45.915
46.029
35.8
29.686
48.258
23.572
56.144
90.716
39.8
29.686
35.8
74.487
46.029
29.686
23.572
29.686
23.572
29.686
52.029
29.686
39.8
23.572
29.686
39.915
23.572
33.8
33.915
34.8
46.029
29.686
106.059
29.686
45.915
29.686
29.686
39.915
42.029
35.8
29.686
29.686
39.915
41.915
35.8
29.686
74.372
29.686
39.915
68.258
62.258
23.572
45.915
35.8
35.8
58.144
139.516
84.487
23.572
29.686
45.915
29.686
41.915
88.716
64.258
33.915
84.601
23.572
46.029
39.915
23.572
23.572
50.258
50.144
23.572
29.686
100.716
30.686
23.572
23.572
45.915
23.572
35.8
50.144
84.601
56.144
23.572
61.258
45.915
29.686
45.915
23.572
35.8
29.686
64.258
45.915
124.516
62.144
33.915
29.686
35.8
29.686
66.372
29.686
29.686
29.686
35.8
29.686
84.487
23.572
58.029
58.144
88.83
29.686
66.372
78.487
40.915
29.686
23.572
35.8
111.173
23.572
29.686
29.686
67.372
29.686
63.258
73.487
35.8
29.686
33.8
23.572
35.8
29.686
23.572
62.258
35.8
29.686
78.601
23.572
23.572
23.572
23.572
66.372
48.372
29.686
23.572
23.572
23.572
23.572
74.258
23.572
45.915
23.572
54.144
23.572
29.686
29.686
45.915
29.686
83.601
45.915
77.601
40.144
23.572
29.8
29.686
29.686
23.572
35.8
52.029
30.686
41.915
23.572
29.686
23.572
50.258
23.572
29.686
40.144
24.686
29.686
56.487
23.572
29.8
80.487
23.572
40.915
39.915
23.572
29.686
62.258
29.686
29.686
23.572
43.029
29.686
23.572
78.487
33.8
46.144
39.915
29.686
33.8
29.8
23.572
54.487
35.915
52.029
29.8
29.686
45.915
39.8
29.686
29.686
62.258
29.686
90.601
23.572
23.572
29.686
23.572
64.372
41.915
29.686
73.487
42.144
46.144
29.686
23.572
29.686
29.686
48.029
35.8
29.8
64.258
29.686
29.686
29.686
35.8
64.258
41.915
23.572
29.686
29.686
29.686
23.572
67.372
52.029
29.686
39.915
29.686
41.915
23.572
29.686
58.144
23.572
42.029
23.572
29.686
29.686
42.144
29.686
54.144
35.8
70.258
29.686
45.915
29.686
29.8
23.572
52.144
29.686
45.915
42.915
29.686
29.686
54.144
23.572
29.686
29.686
35.915
35.8
23.572
29.686
29.686
35.8
52.029
29.686
29.686
29.686
45.915
29.686
30.686
40.144
40.144
24.686
23.572
29.686
23.572
23.572
23.572
23.572
29.686
29.686
23.572
29.686
34.8
29.686
23.572
33.8
35.8
29.686
39.915
35.8
35.8
29.686
29.8
23.572
23.572
40.029
29.686
23.572
35.8
35.8
48.029
29.686
72.487
35.8
29.686
23.572
35.915
29.686
52.029
39.8
45.915
39.915
29.686
23.572
40.029
33.8
23.572
23.572
23.572
29.686
23.572
23.572
41.915
58.144
39.915
46.144
23.572
54.258
23.572
41.144
52.258
45.915
52.029
45.915
29.686
29.686
29.686
45.915
39.8
29.8
54.144
46.029
44.029
46.029
33.8
23.572
33.8
35.8
23.572
33.8
44.029
84.716
35.8
35.8
70.372
52.144
33.915
46.029
23.572
44.029
45.915
35.8
33.8
29.686
45.915
29.686
51.915
50.144
29.686
29.686
23.572
50.029
38.144
77.601
33.8
23.572
48.144
56.144
61.258
106.173
50.029
64.258
23.572
70.258
151.745
56.144
48.029
35.915
35.8
89.716
110.059
24.686
68.372
90.716
29.686
35.8
29.686
29.686
44.029
29.686
23.572
29.686
45.915
54.144
35.8
62.144
23.572
58.144
77.487
35.8
24.686
29.686
23.572
62.258
29.686
23.572
29.686
23.572
29.686
62.144
46.029
29.686
29.8
66.372
29.686
92.944
24.686
23.572
29.686
74.372
35.8
83.601
45.915
33.8
35.8
51.915
29.686
23.572
45.915
29.686
74.372
82.83
29.686
29.686
23.572
35.8
23.572
123.288
40.915
46.029
129.745
52.029
23.572
39.8
44.029
35.8
73.487
35.8
65.372
23.572
23.572
23.572
29.686
29.686
41.915
29.686
47.029
58.029
29.686
123.402
35.8
73.487
29.686
61.372
29.686
145.86
61.258
29.686
23.572
107.059
52.029
35.8
34.8
41.915
29.686
41.915
35.8
23.572
23.572
29.686
35.8
35.8
45.915
29.686
61.258
45.915
35.8
29.686
67.372
82.601
29.686
35.8
35.8
23.572
67.372
33.8
29.686
29.686
41.915
24.686
29.686
29.686
35.8
40.915
29.686
23.572
35.8
29.686
23.572
46.029
30.686
39.915
23.572
52.029
58.029
35.8
81.716
29.686
29.686
61.258
68.372
23.572
23.572
29.686
35.8
80.487
29.686
35.8
23.572
29.686
29.686
48.029
29.686
29.686
35.8
23.572
67.372
56.258
33.8
29.686
23.572
83.716
181.317
29.686
29.686
29.686
35.8
35.8
23.572
73.487
67.372
29.686
35.8
23.572
51.915
23.572
45.029
67.372
24.686
29.686
29.686
29.686
45.915
35.8
29.686
23.572
84.487
35.8
29.686
33.8
40.029
45.915
48.029
110.059
48.029
29.686
100.716
29.686
23.572
35.8
29.686
41.915
35.8
45.915
23.572
35.8
23.572
61.258
33.8
41.915
56.258
52.144
35.8
35.8
45.915
74.487
29.686
29.686
45.915
41.915
38.144
33.915
29.686
29.686
29.686
35.8
35.8
29.686
29.686
23.572
29.686
29.686
35.8
33.8
56.144
61.258
35.8
48.029
23.572
29.686
23.572
35.8
70.487
23.572
23.572
29.686
29.686
29.686
68.258
45.915
30.686
23.572
29.686
45.915
29.686
63.258
35.8
29.686
29.686
23.572
35.8
29.686
35.8
29.686
29.686
23.572
29.686
23.572
29.686
29.686
45.915
45.915
29.686
23.572
29.686
93.944
71.372
61.258
35.8
29.686
39.8
29.686
33.915
29.686
85.716
29.686
73.487
29.686
35.8
23.572
29.686
35.8
29.686
23.572
54.144
46.029
29.686
111.173
61.258
23.572
58.144
23.572
23.572
33.915
35.8
23.572
39.8
29.686
51.915
71.487
48.029
41.915
23.572
29.686
39.915
23.572
35.8
35.8
23.572
48.144
29.686
29.686
23.572
35.8
83.601
23.572
24.686
23.572
39.8
23.572
33.915
29.686
23.572
124.402
67.372
29.686
44.029
29.686
23.572
29.686
52.258
29.686
23.572
23.572
80.258
29.686
29.686
23.572
35.8
29.686
52.029
29.686
23.572
24.686
67.372
29.686
35.915
29.686
29.686
35.8
39.915
35.8
35.8
29.686
56.144
29.686
23.572
46.029
29.686
29.686
39.915
23.572
35.8
29.686
33.8
56.144
29.686
23.572
35.8
23.572
29.686
58.144
23.572
67.487
29.686
29.686
29.686
67.372
35.8
29.686
34.8
29.686
73.372
52.029
23.572
54.372
23.572
23.572
29.686
23.572
29.686
23.572
29.686
23.572
58.144
35.8
29.686
30.686
45.915
29.686
29.686
29.686
23.572
29.686
35.8
29.686
29.686
29.686
35.915
41.915
35.8
35.8
23.572
23.572
29.686
62.258
23.572
35.8
33.8
29.686
29.686
29.686
23.572
23.572
29.686
39.915
34.8
30.8
29.686
29.686
23.572
29.686
35.915
29.686
39.915
29.686
29.686
23.572
29.686
35.8
35.8
23.572
33.8
23.572
29.686
52.029
35.8
30.8
29.686
23.572
23.572
33.8
23.572
23.572
35.8
29.686
23.572
41.915
42.029
23.572
52.029
29.686
29.686
23.572
29.686
35.8
29.686
53.144
23.572
23.572
29.686
29.686
41.029
35.8
29.686
35.8
23.572
63.372
107.059
29.686
29.686
23.572
29.686
52.029
23.572
29.686
41.915
35.8
23.572
29.686
55.144
60.258
23.572
29.686
34.8
23.572
40.915
23.572
29.686
29.686
52.258
35.8
29.686
35.8
35.8
35.8
77.487
46.144
23.572
33.915
35.8
23.572
52.029
29.686
29.686
23.572
23.572
23.572
29.686
29.686
23.572
39.915
39.8
29.686
29.686
39.915
39.915
40.8
35.8
45.915
40.915
29.686
35.8
33.915
29.686
29.686
29.686
23.572
41.915
29.686
29.686
23.572
29.686
29.686
29.686
23.572
29.686
23.572
61.258
35.8
35.8
45.915
35.8
29.686
29.686
35.8
29.686
29.686
29.686
29.686
29.686
29.686
29.686
23.572
23.572
23.572
23.572
29.686
35.8
34.8
23.572
35.8
29.686
23.572
23.572
23.572
35.8
29.686
23.572
35.8
23.572
33.8
29.8
23.572
23.572
29.686
40.915
40.915
23.572
23.572
29.686
29.686
48.029
29.686
40.915
29.686
29.686
23.572
57.144
29.686
61.258
29.686
23.572
29.686
29.686
51.915
23.572
23.572
29.686
33.915
29.686
29.686
33.8
24.686
23.572
35.8
33.8
23.572
29.686
29.686
29.686
52.144
39.915
23.572
29.686
23.572
35.8
29.686
23.572
29.686
56.258
33.8
55.372
23.572
23.572
29.686
23.572
35.8
29.686
33.915
29.686
29.686
58.144
29.686
29.686
29.686
46.029
24.686
61.258
29.686
33.8
29.686
29.686
45.915
67.372
23.572
40.915
34.8
34.8
34.8
40.915
61.372
23.572
23.572
58.258
29.686
56.258
23.572
29.686
33.8
48.029
39.915
35.8
34.8
29.686
35.8
29.686
29.686
39.8
39.8
29.686
35.8
29.686
29.686
29.686
29.686
29.686
35.8
29.8
23.572
35.915
50.029
23.572
39.8
29.686
46.029
40.915
35.8
46.029
46.144
29.686
29.686
33.915
29.686
23.572
35.8
41.915
40.029
23.572
46.029
29.686
29.686
23.572
50.144
29.686
29.686
44.029
23.572
23.572
29.686
23.572
35.8
29.686
66.372
35.8
23.572
29.686
72.372
29.686
29.686
33.8
39.8
52.029
29.686
39.915
29.686
23.572
29.686
39.8
23.572
40.915
29.686
29.686
29.686
29.686
23.572
62.144
35.8
41.915
23.572
35.8
45.915
35.8
33.915
39.8
50.029
39.915
45.915
61.258
29.686
50.144
23.572
24.686
29.686
23.572
39.915
29.686
29.686
30.8
23.572
39.915
29.686
52.029
33.8
40.915
62.258
35.8
29.686
23.572
51.144
29.686
29.686
39.915
56.144
35.8
53.144
34.8
23.572
23.572
23.572
39.915
23.572
29.686
45.029
29.686
29.686
29.686
34.8
29.686
45.915
35.8
29.686
29.686
23.572
39.8
76.487
46.029
33.8
35.8
135.516
44.029
35.8
29.686
23.572
39.8
44.029
44.029
29.686
58.144
56.144
29.686
23.572
34.8
29.686
29.686
45.915
40.915
53.144
23.572
29.686
23.572
46.029
44.029
52.144
50.144
35.8
45.029
29.686
23.572
23.572
23.572
23.572
40.915
23.572
29.686
66.372
23.572
23.572
29.686
52.029
29.686
56.144
23.572
85.716
62.372
39.915
29.686
50.144
50.144
23.572
40.915
68.372
56.258
23.572
23.572
33.8
23.572
34.8
29.686
40.915
39.915
66.487
33.8
23.572
35.8
23.572
104.944
52.029
50.144
39.915
45.029
39.8
34.8
64.258
40.915
35.8
23.572
34.8
56.144
39.8
33.8
23.572
40.915
35.8
29.686
56.029
60.372
23.572
45.915
56.144
66.372
29.686
29.686
29.686
40.915
23.572
23.572
23.572
40.915
29.686
45.915
40.029
45.915
62.258
29.686
23.572
23.572
39.8
23.572
40.915
29.686
33.8
23.572
23.572
35.8
23.572
50.144
45.915
80.601
45.029
57.144
56.144
24.686
45.915
72.372
23.572
73.487
56.029
45.915
62.144
40.915
34.8
29.686
45.915
52.029
52.029
29.686
58.144
23.572
29.686
45.915
29.686
56.144
68.258
64.487
62.144
56.144
23.572
110.059
23.572
77.601
94.601
84.487
35.8
58.144
68.258
39.8
58.144
52.029
29.686
84.487
143.516
76.487
33.8
23.572
45.915
94.716
62.258
45.915
23.572
83.601
33.8
42.144
29.686
40.915
29.686
40.915
34.8
29.686
29.686
34.8
39.915
45.915
72.372
50.144
35.8
60.258
79.487
62.258
45.915
35.8
29.686
104.944
44.029
68.258
45.915
35.8
56.258
40.915
29.686
73.372
23.572
35.8
29.686
29.686
29.686
51.144
35.8
23.572
29.686
29.686
52.029
29.8
83.487
56.029
45.029
45.915
23.572
45.029
194.203
29.686
39.915
29.686
52.029
29.686
39.8
23.572
23.572
110.944
23.572
23.572
39.915
33.8
24.686
35.8
40.915
52.144
50.029
29.686
45.915
66.258
58.144
39.8
72.372
58.144
40.915
29.686
23.572
41.915
23.572
45.915
23.572
33.8
29.686
23.572
29.686
23.572
35.8
23.572
33.8
39.8
29.686
23.572
52.144
76.601
40.915
33.8
34.8
23.572
29.686
23.572
23.572
35.8
67.258
29.686
23.572
29.686
29.686
35.8
23.572
23.572
40.915
56.029
29.686
39.8
35.8
23.572
51.029
29.686
23.572
52.029
66.258
52.029
45.915
45.915
76.487
68.258
29.686
23.572
66.258
45.029
50.029
51.029
23.572
23.572
40.029
23.572
46.144
39.8
29.686
23.572
39.8
33.8
62.144
56.029
56.144
23.572
45.915
29.686
23.572
56.144
23.572
100.83
45.915
80.601
35.8
44.029
60.258
29.686
57.144
45.915
29.686
39.915
29.686
33.8
82.601
73.372
23.572
23.572
29.686
34.8
23.572
72.258
23.572
51.144
45.915
39.8
45.915
52.029
59.258
29.686
23.572
23.572
29.686
23.572
29.686
52.258
45.915
44.029
54.258
33.8
44.029
23.572
29.686
51.144
23.572
56.144
29.8
34.8
68.258
23.572
29.686
23.572
76.487
39.8
40.915
39.8
23.572
61.372
39.8
39.915
23.572
50.029
54.258
23.572
45.915
40.029
51.029
39.915
56.029
33.8
29.686
45.915
23.572
50.029
50.029
136.86
23.572
41.915
48.029
45.915
23.572
45.915
95.716
23.572
45.915
35.8
29.686
29.8
33.8
62.372
40.915
29.686
56.144
35.8
35.915
50.029
24.686
39.915
62.258
39.8
29.686
29.686
34.8
50.144
39.8
57.144
23.572
39.8
23.572
23.572
33.8
45.915
44.029
23.572
23.572
52.029
23.572
23.572
23.572
33.8
23.572
29.686
39.8
29.686
29.686
34.8
44.029
62.372
45.915
23.572
29.686
39.8
23.572
23.572
23.572
33.8
23.572
29.686
29.686
35.8
39.8
45.915
23.572
33.8
23.572
47.029
23.572
23.572
23.572
29.686
23.572
23.572
35.8
39.915
33.8
23.572
68.258
74.372
83.601
23.572
50.029
128.402
23.572
29.686
68.258
66.258
60.258
23.572
23.572
23.572
23.572
23.572
44.029
23.572
23.572
56.144
23.572
29.686
29.686
29.686
29.686
23.572
23.572
76.487
45.915
39.8
23.572
23.572
34.8
23.572
23.572
23.572
23.572
23.572
23.572
29.686
33.8
23.572
23.572
29.686
62.144
29.686
39.8
23.572
23.572
23.572
23.572
23.572
29.686
34.8
35.915
23.572
33.8
23.572
23.572
23.572
23.572
23.572
60.487
23.572
23.572
23.572
33.8
23.572
23.572
23.572
45.915
29.686
23.572
29.8
23.572
39.8
23.572
29.686
23.572
45.915
29.686
23.572
23.572
23.572
39.915
33.8
39.8
39.915
45.915
23.572
29.686
23.572
23.572
23.572
45.915
39.8
23.572
23.572
110.83
39.8
44.029
23.572
29.686
23.572
29.8
33.8
23.572
23.572
23.572
23.572
52.029
34.8
52.029
23.572
23.572
23.572
34.8
29.686
29.686
23.572
29.686
23.572
29.686
23.572
35.915
23.572
35.8
29.686
23.572
23.572
23.572
23.572
23.572
35.8
51.258
58.487
35.8
23.572
23.572
23.572
61.258
23.572
36.029
52.144
29.686
35.8
39.8
29.686
23.572
39.915
29.686
23.572
33.8
39.915
23.572
29.686
23.572
39.8
23.572
29.686
39.8
39.8
29.8
23.572
33.8
29.686
23.572
23.572
44.029
29.686
23.572
29.686
23.572
73.601
29.8
23.572
23.572
52.144
23.572
23.572
29.686
23.572
78.487
50.144
23.572
39.8
44.029
29.686
23.572
50.144
33.8
23.572
23.572
50.029
35.8
23.572
33.8
29.686
23.572
33.8
23.572
23.572
29.686
56.144
33.8
52.029
33.8
23.572
56.144
34.8
23.572
23.572
23.572
23.572
23.572
23.572
23.572
33.8
51.029
50.029
29.686
23.572
23.572
50.144
23.572
45.915
62.144
23.572
35.8
23.572
39.915
82.487
35.8
50.144
23.572
23.572
23.572
39.8
23.572
23.572
23.572
35.8
29.686
29.8
33.8
23.572
50.029
34.8
33.8
56.144
39.8
39.915
29.686
50.029
45.029
56.144
39.8
23.572
33.8
23.572
29.686
29.686
23.572
35.8
39.8
23.572
40.029
23.572
56.144
23.572
39.8
29.686
39.915
29.686
90.716
23.572
23.572
23.572
50.029
39.8
33.8
39.915
56.029
33.8
23.572
29.686
33.8
23.572
23.572
23.572
50.029
29.686
23.572
35.915
39.8
23.572
29.686
41.915
33.8
33.8
39.8
23.572
23.572
23.572
29.686
44.029
86.716
23.572
39.8
23.572
39.915
23.572
35.8
23.572
23.572
67.372
23.572
23.572
23.572
29.686
23.572
29.686
23.572
23.572
46.258
39.8
94.716
33.8
39.915
23.572
23.572
39.8
39.8
23.572
35.8
33.8
39.915
29.686
23.572
39.8
29.686
45.915
76.601
33.8
29.686
23.572
29.686
23.572
23.572
33.8
23.572
35.8
42.144
23.572
41.915
23.572
23.572
29.686
41.915
33.8
23.572
33.8
44.029
66.372
34.8
33.8
33.8
23.572
33.8
23.572
29.686
39.8
66.372
23.572
39.8
23.572
23.572
23.572
23.572
34.8
23.572
23.572
39.915
39.915
23.572
23.572
34.8
67.487
52.029
23.572
23.572
29.686
78.487
29.686
62.258
62.258
29.686
34.8
23.572
29.686
29.686
23.572
29.686
56.144
45.915
23.572
40.029
29.686
39.8
44.029
45.915
56.144
39.8
29.686
23.572
39.915
46.029
23.572
35.8
23.572
29.686
45.915
50.144
23.572
29.686
23.572
23.572
29.8
45.915
23.572
29.686
23.572
23.572
44.029
23.572
23.572
29.686
50.029
23.572
23.572
39.8
23.572
40.915
23.572
45.915
23.572
50.144
55.258
39.915
62.144
56.258
23.572
23.572
23.572
39.8
33.8
23.572
35.8
23.572
33.8
29.686
50.029
56.029
23.572
33.8
29.686
34.8
29.686
23.572
23.572
50.144
33.8
56.144
33.8
47.144
23.572
23.572
29.686
44.029
23.572
29.686
39.8
66.372
33.8
87.716
35.8
23.572
62.258
23.572
23.572
23.572
45.029
57.144
40.915
39.915
29.686
23.572
39.8
23.572
34.8
56.029
33.8
50.144
23.572
40.029
35.8
23.572
62.144
23.572
93.059
23.572
39.8
34.8
23.572
29.686
72.487
34.8
23.572
34.8
34.8
23.572
66.258
23.572
33.8
23.572
40.915
52.029
40.915
76.487
66.372
39.8
23.572
72.372
29.686
46.029
44.029
50.144
151.745
33.8
23.572
23.572
29.686
66.258
23.572
23.572
23.572
45.029
46.029
45.915
110.944
50.029
35.8
35.8
39.8
29.686
66.258
23.572
23.572
23.572
56.029
50.029
23.572
72.372
23.572
45.915
39.8
39.8
23.572
23.572
29.686
23.572
33.8
23.572
29.686
23.572
29.686
29.8
52.144
23.572
29.686
39.8
39.8
23.572
23.572
23.572
23.572
98.83
39.8
23.572
106.83
23.572
72.372
62.144
23.572
40.029
23.572
50.029
88.601
52.144
34.915
44.029
88.716
39.8
33.8
29.8
23.572
66.372
29.686
33.8
23.572
29.686
45.915
23.572
39.8
23.572
39.8
60.258
45.915
23.572
45.915
35.8
54.258
33.8
29.686
78.372
29.686
23.572
45.915
39.8
29.686
33.8
23.572
23.572
23.572
62.144
68.372
23.572
60.258
23.572
39.915
50.029
39.8
78.372
23.572
45.915
76.487
23.572
23.572
72.258
23.572
50.029
29.686
78.487
34.8
39.915
88.601
33.8
23.572
39.8
39.8
73.487
23.572
77.487
29.686
44.029
144.745
39.8
56.029
23.572
51.144
72.258
51.029
23.572
33.8
23.572
99.716
29.686
29.8
72.372
50.144
58.144
23.572
62.144
23.572
136.631
33.8
88.601
158.745
29.686
23.572
82.716
76.601
62.258
66.258
57.144
62.258
23.572
29.686
45.915
56.144
98.83
29.8
259.69
33.8
50.258
147.974
33.8
50.258
29.686
33.8
23.572
135.516
35.8
33.8
88.716
45.915
23.572
60.258
34.8
157.86
24.686
29.686
23.572
44.029
39.915
33.8
39.8
45.915
77.487
23.572
141.631
29.686
129.745
39.915
23.572
34.8
34.8
33.8
50.258
55.258
66.372
78.372
93.716
45.029
29.686
39.8
23.572
50.029
51.029
104.83
45.915
103.173
110.288
77.601
126.402
82.487
23.572
44.029
29.686
24.686
83.601
48.029
40.915
109.944
41.915
70.487
104.288
80.716
23.572
23.572
67.372
34.8
34.8
72.372
82.601
123.173
34.8
39.915
63.258
29.686
89.716
66.372
39.8
39.8
45.915
39.8
29.686
182.432
34.8
72.487
45.915
70.372
23.572
72.487
23.572
98.83
29.686
58.144
29.686
70.487
52.029
35.8
23.572
68.258
39.915
68.258
106.944
147.86
34.8
62.258
50.029
51.029
66.372
68.258
88.487
61.258
86.83
39.8
139.516
35.8
102.944
45.915
68.372
41.915
51.144
56.029
88.601
57.258
120.173
34.8
34.8
35.8
105.059
78.487
72.601
105.059
52.029
60.258
61.258
90.716
62.144
29.686
55.258
34.8
33.8
23.572
192.088
66.258
82.601
98.716
29.686
34.8
50.029
29.686
23.572
29.686
63.258
102.944
29.686
94.716
40.029
29.686
39.915
83.487
29.686
29.686
34.8
39.8
74.487
66.258
46.029
23.572
51.029
100.716
23.572
74.372
52.029
52.029
23.572
67.372
23.572
57.144
62.144
23.572
29.8
33.8
63.258
29.686
97.944
45.915
33.8
62.144
23.572
23.572
23.572
45.915
72.372
51.029
56.144
84.601
29.686
46.029
40.915
23.572
56.144
29.686
34.8
60.372
62.144
70.487
77.601
45.915
47.029
23.572
33.8
29.686
29.686
29.686
35.8
39.915
111.059
29.686
23.572
23.572
33.8
29.686
56.144
88.601
94.716
51.029
29.686
23.572
62.372
35.915
23.572
39.8
45.915
39.8
46.029
61.258
39.8
73.601
29.686
72.258
33.8
23.572
29.686
29.686
29.8
66.258
29.686
34.8
23.572
68.258
56.029
29.686
23.572
121.059
52.029
34.915
56.144
39.8
45.915
56.144
29.686
23.572
23.572
24.686
29.686
29.8
29.686
48.029
47.029
51.029
23.572
23.572
33.8
52.029
29.8
52.029
50.029
78.487
29.686
57.144
39.915
62.144
34.8
23.572
53.258
34.8
34.8
39.8
29.686
68.258
23.572
66.372
29.686
51.144
61.258
23.572
23.572
62.144
23.572
56.144
45.915
23.572
23.572
29.686
29.686
23.572
79.487
35.8
29.686
29.686
35.8
56.258
33.8
23.572
29.686
39.915
72.372
35.915
29.686
24.686
23.572
57.258
39.915
33.8
29.686
23.572
29.686
52.144
50.029
58.144
23.572
34.8
34.915
51.029
29.686
39.8
29.686
29.686
23.572
39.915
34.8
56.372
34.8
29.686
61.258
34.8
51.029
29.686
52.144
29.686
33.8
35.8
33.8
52.144
29.686
29.686
45.915
23.572
23.572
45.029
23.572
71.372
50.029
36.915
57.144
45.915
62.258
51.029
29.686
34.8
29.686
23.572
23.572
52.029
103.059
88.716
50.144
23.572
29.8
72.372
56.029
46.029
29.686
23.572
29.686
52.029
46.029
74.487
62.372
52.029
35.8
23.572
23.572
23.572
33.8
29.686
23.572
35.8
23.572
34.8
29.686
45.029
29.686
34.8
45.915
46.029
51.029
35.8
34.8
29.686
45.029
115.173
78.716
34.8
23.572
51.029
29.686
29.686
23.572
29.686
133.516
68.372
39.915
23.572
56.258
63.372
35.8
66.372
34.8
29.686
35.8
23.572
29.686
23.572
34.8
29.686
68.258
39.8
50.029
35.8
29.686
56.029
34.8
68.372
23.572
29.686
23.572
29.686
29.686
29.686
34.8
23.572
39.915
35.8
34.8
23.572
29.8
23.572
29.686
60.258
45.915
29.686
34.8
45.915
29.686
61.258
63.372
39.8
39.915
46.144
35.915
23.572
34.8
35.8
116.944
23.572
23.572
24.686
45.915
40.915
52.029
34.8
68.258
72.372
23.572
52.029
23.572
29.686
33.8
55.144
23.572
61.258
110.059
23.572
29.686
29.686
29.686
40.915
23.572
23.572
51.029
34.8
46.029
29.686
108.944
56.029
29.686
23.572
34.8
34.8
51.029
77.487
29.686
23.572
23.572
41.915
23.572
93.944
68.258
39.8
23.572
29.686
56.258
23.572
29.686
50.029
23.572
23.572
29.8
35.8
45.915
67.258
61.258
45.915
40.915
34.915
29.686
50.029
34.8
23.572
23.572
29.686
83.601
23.572
105.944
23.572
23.572
72.372
52.029
51.029
67.258
88.487
40.915
29.686
39.915
23.572
45.915
39.915
40.915
34.8
67.372
93.716
34.8
40.915
35.8
121.059
45.915
34.8
41.915
57.258
112.173
29.686
72.258
33.8
29.686
23.572
39.8
34.8
51.029
34.8
23.572
23.572
29.686
57.258
29.686
41.029
39.8
41.915
23.572
39.915
50.029
29.686
47.029
29.686
45.029
23.572
23.572
84.487
29.686
23.572
23.572
39.915
39.8
24.686
23.572
41.029
35.8
34.8
23.572
23.572
62.144
33.8
29.686
45.915
23.572
35.8
23.572
29.686
23.572
45.915
39.915
51.029
23.572
23.572
77.487
34.8
84.487
39.8
23.572
29.686
29.686
29.686
23.572
34.8
45.915
82.487
45.029
34.8
29.686
29.686
23.572
23.572
23.572
40.915
72.487
39.8
23.572
39.8
23.572
23.572
50.029
23.572
91.83
23.572
23.572
23.572
41.029
29.8
62.258
23.572
23.572
23.572
33.8
29.686
33.8
57.144
29.8
35.8
39.8
23.572
33.8
23.572
23.572
23.572
47.029
29.686
45.029
34.8
23.572
51.258
51.029
23.572
23.572
35.8
33.8
23.572
45.915
23.572
36.029
23.572
45.029
29.686
34.8
24.686
87.601
34.8
71.487
56.144
35.8
33.8
23.572
23.572
44.029
23.572
23.572
45.915
29.686
23.572
29.686
34.8
29.8
23.572
54.258
70.487
23.572
56.029
40.915
24.686
23.572
29.686
39.915
23.572
35.8
34.8
34.8
23.572
23.572
71.372
23.572
23.572
29.8
33.8
23.572
65.372
44.029
45.915
41.915
24.686
23.572
23.572
34.8
56.144
23.572
24.686
132.288
29.8
40.915
23.572
23.572
29.686
44.029
68.487
23.572
29.686
39.8
23.572
23.572
39.915
39.8
29.686
23.572
39.8
29.686
23.572
34.8
76.487
35.915
95.83
23.572
23.572
60.372
23.572
23.572
45.915
23.572
23.572
23.572
56.144
29.8
23.572
47.144
34.8
45.915
23.572
41.029
23.572
23.572
23.572
39.8
23.572
29.8
23.572
23.572
39.8
29.686
65.372
23.572
23.572
55.144
23.572
23.572
23.572
23.572
23.572
23.572
24.686
79.487
39.8
23.572
52.029
29.686
29.686
23.572
33.8
23.572
47.258
23.572
33.8
23.572
29.686
39.8
39.8
33.8
39.8
46.029
34.8
39.8
39.8
66.258
56.029
36.915
34.8
23.572
56.029
29.686
39.915
56.258
72.258
29.686
104.716
87.601
23.572
23.572
29.686
23.572
23.572
23.572
29.8
50.029
98.83
83.716
29.686
39.915
56.029
33.8
23.572
23.572
45.915
51.029
23.572
39.8
23.572
39.915
23.572
55.144
29.686
23.572
66.372
23.572
35.915
23.572
29.8
39.8
29.686
39.8
56.029
44.029
52.258
23.572
33.8
23.572
29.686
23.572
29.686
45.915
34.8
39.8
39.8
50.144
23.572
29.686
23.572
33.8
23.572
29.686
41.915
77.601
23.572
102.944
52.029
29.686
39.8
23.572
23.572
51.029
29.686
34.8
23.572
118.173
23.572
29.8
23.572
23.572
61.372
29.686
34.8
29.686
62.144
55.144
85.716
39.8
23.572
50.029
83.716
51.029
23.572
71.372
23.572
57.258
34.8
62.144
56.029
34.8
23.572
23.572
23.572
29.686
39.8
45.029
51.029
46.029
34.8
23.572
23.572
53.144
23.572
23.572
23.572
39.915
86.601
23.572
23.572
23.572
71.372
40.029
47.029
39.8
29.8
39.8
39.8
29.686
23.572
63.487
45.915
39.8
23.572
34.8
51.029
23.572
34.8
23.572
33.8
29.686
72.487
23.572
34.8
39.8
24.686
29.686
23.572
62.487
45.915
45.915
30.915
51.029
29.686
23.572
34.8
23.572
23.572
34.8
23.572
34.8
51.144
77.487
41.029
29.686
60.258
45.915
23.572
29.686
47.029
29.8
34.8
33.8
34.8
33.8
53.258
23.572
23.572
23.572
29.686
72.258
23.572
24.686
50.029
23.572
39.8
35.8
50.258
34.8
34.8
39.8
29.8
45.915
36.029
39.8
23.572
56.029
41.915
68.258
23.572
54.144
23.572
85.83
23.572
45.915
52.144
23.572
23.572
23.572
29.686
65.372
23.572
40.029
39.8
51.029
29.686
46.029
86.716
40.915
72.601
23.572
29.686
23.572
39.8
93.716
29.686
51.029
67.372
106.059
29.686
29.686
39.8
23.572
35.915
23.572
89.716
29.686
23.572
23.572
89.716
29.686
66.372
132.86
33.8
39.8
23.572
186.317
85.83
29.686
29.686
81.601
39.8
53.258
23.572
29.686
39.8
40.029
39.8
56.144
29.686
78.601
124.288
23.572
29.8
23.572
23.572
78.601
23.572
64.144
29.686
33.8
29.686
23.572
92.83
23.572
23.572
39.8
52.258
29.8
23.572
33.8
29.686
23.572
45.915
58.144
23.572
150.86
23.572
61.258
54.144
23.572
34.8
23.572
34.8
33.8
23.572
29.8
23.572
23.572
29.686
29.686
39.8
46.258
23.572
23.572
23.572
29.686
78.83
90.83
45.915
23.572
45.915
59.258
23.572
29.8
29.686
62.487
94.173
34.8
158.974
23.572
23.572
92.059
23.572
61.258
112.516
34.8
71.487
35.915
67.372
116.288
33.8
90.059
23.572
23.572
23.572
56.258
23.572
23.572
54.144
23.572
47.029
24.686
23.572
45.029
54.144
29.8
29.8
33.8
29.686
33.8
114.402
62.372
23.572
45.029
29.686
33.8
81.716
34.8
23.572
45.915
33.8
29.8
55.144
55.144
65.372
46.029
23.572
23.572
29.686
34.8
33.8
23.572
23.572
29.686
60.258
88.944
29.8
172.203
45.029
34.8
88.944
50.258
34.8
39.8
23.572
73.487
156.974
39.915
34.8
23.572
23.572
23.572
72.601
23.572
60.487
23.572
33.8
61.372
29.686
61.372
71.601
34.8
95.059
71.487
23.572
86.716
81.601
50.029
29.686
56.029
45.915
23.572
23.572
23.572
61.372
23.572
76.716
23.572
52.029
23.572
29.8
29.686
143.745
34.8
39.8
23.572
29.686
29.686
61.372
45.029
77.83
67.487
23.572
23.572
39.8
33.8
87.601
23.572
23.572
23.572
34.8
36.029
23.572
55.144
91.83
23.572
35.8
48.029
45.915
157.088
23.572
61.258
39.8
23.572
23.572
55.144
39.8
94.601
91.83
34.915
23.572
23.572
39.8
33.8
23.572
29.8
23.572
83.716
193.66
23.572
65.372
23.572
55.144
71.372
39.8
29.686
45.915
132.516
232.889
55.144
50.029
33.8
39.8
55.144
55.144
39.8
39.8
39.8
39.8
44.029
44.029
55.144
66.487
23.572
135.516
23.572
82.601
23.572
56.029
29.686
23.572
45.915
56.029
77.487
45.915
23.572
35.915
23.572
56.487
39.8
23.572
29.8
56.258
39.8
142.402
33.8
67.372
98.173
70.487
51.029
71.372
51.258
23.572
34.8
23.572
74.372
76.487
84.601
104.059
23.572
33.8
23.572
23.572
59.258
23.572
39.8
103.83
23.572
56.029
72.258
35.8
23.572
71.372
45.915
24.686
23.572
87.601
39.8
40.029
23.572
23.572
87.83
34.8
23.572
23.572
44.029
62.258
57.144
39.8
72.258
23.572
23.572
34.8
39.8
93.716
29.686
72.487
23.572
23.572
23.572
85.83
23.572
39.8
136.402
34.8
98.716
56.029
88.487
23.572
39.8
23.572
39.8
34.8
78.372
33.8
47.029
29.8
108.059
55.144
71.372
102.059
23.572
46.029
23.572
23.572
23.572
24.686
23.572
29.686
82.487
55.144
71.372
29.686
23.572
23.572
29.686
23.572
23.572
39.8
116.944
23.572
23.572
39.8
39.8
88.487
87.601
23.572
93.716
23.572
120.944
39.8
99.83
56.029
51.029
112.402
23.572
39.8
23.572
39.8
29.8
23.572
51.029
23.572
61.258
87.601
23.572
23.572
39.8
39.8
86.716
23.572
23.572
29.686
56.029
62.258
39.8
39.8
39.8
23.572
23.572
56.029
71.372
40.915
42.029
106.059
39.8
46.029
23.572
56.258
23.572
23.572
146.516
23.572
23.572
23.572
104.716
88.487
34.8
23.572
55.144
90.601
79.601
98.716
23.572
79.487
33.8
23.572
23.572
39.8
34.8
62.258
143.516
29.686
72.258
24.686
24.686
103.83
23.572
103.83
55.144
29.686
72.258
29.686
96.716
58.372
23.572
152.516
48.144
88.487
36.029
23.572
105.83
23.572
88.716
138.288
23.572
56.029
88.601
143.288
23.572
39.8
23.572
24.686
33.8
72.258
78.372
39.8
99.716
36.915
24.686
88.487
141.402
23.572
39.8
94.601
72.258
23.572
94.83
23.572
39.8
72.258
23.572
289.347
23.572
39.8
72.258
56.029
163.631
213.432
39.8
39.8
23.572
56.029
104.83
23.572
104.716
165.745
82.487
72.258
46.029
50.029
56.029
23.572
23.572
72.258
153.402
88.487
39.8
40.915
65.372
153.402
72.258
143.288
23.572
56.029
29.686
24.686
39.8
56.029
179.86
88.487
72.258
68.258
127.059
29.686
136.288
169.745
39.8
24.686
50.029
39.8
39.8
29.686
29.686
195.317
45.915
120.944
39.8
127.059
147.516
133.288
23.572
23.572
23.572
33.8
84.601
39.8
109.944
24.686
108.944
23.572
137.173
58.144
47.144
23.572
39.8
131.288
88.487
102.83
104.716
56.029
58.144
128.402
211.546
45.915
39.8
133.402
98.716
104.716
71.372
110.83
23.572
45.144
23.572
67.258
23.572
50.029
110.059
44.029
56.029
33.8
81.716
69.372
66.258
45.915
67.258
120.944
24.686
46.029
216.775
23.572
39.8
88.487
71.372
30.8
29.8
45.915
314.919
29.8
363.834
133.288
23.572
167.86
24.686
29.686
217.66
152.631
242.889
105.716
23.572
23.572
202.203
39.8
245.775
277.804
347.262
29.686
120.944
23.572
39.8
39.8
89.601
23.572
116.83
228.546
284.347
23.572
88.487
78.372
206.317
35.915
39.8
114.944
171.745
208.203
24.686
261.004
78.372
68.372
72.258
127.059
62.144
127.288
50.029
104.716
45.915
153.402
127.059
39.8
205.432
217.546
114.059
154.516
23.572
427.635
51.144
88.601
34.915
39.8
153.402
23.572
56.029
29.686
185.974
169.86
45.915
192.088
255.118
62.144
221.66
56.258
270.461
84.601
56.029
39.8
153.745
218.546
84.487
39.8
23.572
245.775
72.258
141.402
88.83
137.402
130.288
39.8
308.919
45.915
115.173
375.177
23.572
92.716
94.944
109.944
369.948
23.572
81.601
383.177
23.572
120.944
110.83
58.144
161.86
230.004
159.516
29.686
228.546
163.631
110.944
200.317
56.029
72.372
127.059
349.605
72.258
88.601
23.572
68.372
98.83
283.576
57.144
177.86
82.487
142.516
39.8
228.546
24.686
24.686
116.059
167.86
99.83
155.516
103.83
23.572
39.8
56.029
43.029
127.059
230.546
198.66
78.601
83.601
23.572
461.321
67.258
45.915
422.635
215.317
212.432
82.487
127.173
40.915
388.406
206.317
78.487
277.347
23.572
137.402
375.72
29.686
233.775
164.745
33.8
137.173
110.83
87.601
78.372
78.372
50.029
23.572
39.8
68.372
413.063
176.86
110.83
289.347
283.232
56.029
318.148
24.686
39.8
116.173
62.258
53.144
116.83
72.258
176.86
40.915
33.8
146.516
23.572
56.029
88.487
50.029
56.029
47.029
23.572
94.944
23.572
52.144
137.173
202.203
72.372
66.258
153.402
71.372
45.915
88.487
39.8
109.173
23.572
104.716
127.173
319.033
68.372
56.029
82.487
98.716
114.944
56.029
88.716
78.372
212.317
72.372
78.372
23.572
39.8
137.173
157.974
23.572
57.144
56.029
234.66
39.8
169.631
29.8
171.86
88.601
23.572
250.004
50.029
237.004
110.83
56.029
56.029
157.86
23.572
94.601
30.8
39.8
94.601
88.487
23.572
123.059
56.029
104.716
56.029
82.487
65.487
34.915
41.029
23.572
114.944
222.66
56.029
56.029
56.029
56.029
46.029
35.8
88.487
56.029
71.601
66.258
90.601
23.572
56.029
29.686
29.686
56.029
56.029
164.86
23.572
57.144
29.686
88.487
39.8
39.8
56.144
137.402
52.029
62.144
23.572
23.572
66.258
82.487
39.8
98.944
46.029
23.572
73.372
114.944
100.83
88.487
127.059
23.572
23.572
57.144
129.288
23.572
72.258
50.029
155.86
23.572
39.8
200.317
50.029
148.516
23.572
72.258
39.915
72.258
131.173
29.686
178.088
23.572
235.004
23.572
29.686
128.288
82.487
23.572
173.974
72.258
185.974
72.258
23.572
78.487
202.203
149.745
116.944
24.686
153.745
169.86
23.572
153.402
222.66
339.72
168.86
169.745
23.572
23.572
185.317
143.288
78.372
23.572
94.601
120.944
56.029
23.572
56.029
313.262
55.144
88.716
117.059
379.834
23.572
45.915
126.173
131.173
72.372
110.83
68.258
173.86
23.572
147.402
39.8
130.288
23.572
118.288
212.432
130.516
39.8
23.572
60.258
67.372
52.029
88.716
29.686
82.487
39.8
164.745
104.716
90.601
125.173
198.088
23.572
125.173
93.83
24.686
82.601
87.601
23.572
74.372
39.8
104.716
72.258
88.487
55.144
78.372
56.029
217.546
23.572
23.572
109.944
40.915
299.919
23.572
129.402
56.029
82.487
103.83
45.915
88.487
82.601
72.258
72.372
45.915
52.029
23.572
23.572
33.8
120.944
73.372
114.944
238.889
131.173
130.402
82.487
71.372
104.716
98.716
23.572
39.8
66.258
77.487
23.572
53.144
23.572
114.944
94.716
98.716
50.029
23.572
119.173
146.516
135.631
104.83
29.686
88.601
45.915
45.915
29.686
87.601
147.402
29.686
91.83
104.716
78.372
23.572
88.487
50.029
45.915
135.516
29.686
23.572
66.258
56.029
56.144
117.059
23.572
237.118
58.144
61.258
39.8
116.059
29.686
56.144
82.601
39.8
45.029
146.516
92.944
44.029
33.8
23.572
29.686
114.059
133.516
159.631
66.258
141.86
23.572
29.686
23.572
78.487
23.572
51.029
67.258
82.601
60.258
105.944
66.258
39.8
116.059
68.372
23.572
29.686
98.716
70.372
78.601
39.915
62.144
57.144
29.686
54.144
62.144
83.716
89.716
104.716
23.572
29.686
104.83
119.288
228.775
93.83
41.915
29.686
82.487
45.915
39.915
29.686
29.686
29.686
82.601
82.487
39.915
86.601
45.915
23.572
29.686
29.686
23.572
71.487
45.915
50.029
77.601
35.915
190.317
33.8
51.029
29.686
39.8
86.716
29.686
94.601
108.944
108.944
29.686
56.258
66.258
29.8
39.915
39.8
105.059
92.716
99.83
29.686
72.258
71.372
217.546
56.144
23.572
56.029
58.144
142.402
62.144
39.915
45.915
41.915
61.258
78.372
50.029
94.83
29.686
29.686
34.8
23.572
93.944
51.029
24.686
29.8
23.572
50.144
23.572
23.572
39.8
50.029
40.915
39.8
29.686
71.601
111.059
23.572
104.83
83.601
29.686
23.572
23.572
60.258
51.144
29.686
142.516
109.944
116.059
23.572
51.144
71.372
23.572
23.572
58.144
33.8
29.686
24.686
62.144
90.601
39.8
23.572
72.487
29.686
162.088
23.572
23.572
23.572
45.915
24.686
82.487
29.686
55.144
50.029
115.288
78.372
137.516
71.372
56.258
147.631
56.029
23.572
156.86
29.686
39.8
81.601
56.029
110.83
56.144
75.601
131.288
29.686
82.487
149.516
50.029
88.487
82.601
45.915
29.686
39.8
98.059
33.8
88.716
33.8
64.372
24.686
24.686
24.686
57.144
56.029
23.572
29.686
24.686
91.83
55.144
23.572
207.775
83.601
56.029
110.83
68.144
72.258
23.572
23.572
94.83
51.144
114.944
82.487
44.029
167.088
23.572
119.059
120.059
82.716
39.8
64.487
24.686
104.716
24.686
51.915
39.8
29.686
71.487
134.516
77.601
23.572
39.8
57.144
104.944
56.029
23.572
129.516
53.144
61.258
50.029
45.915
39.8
24.686
40.915
168.088
56.029
72.258
208.66
40.915
24.686
23.572
62.144
23.572
88.487
127.059
117.059
23.572
23.572
29.686
39.8
23.572
82.601
82.601
39.8
66.258
83.601
33.8
39.8
92.83
29.686
86.944
114.944
23.572
143.088
41.029
66.258
23.572
23.572
83.83
92.716
84.944
33.8
33.8
50.029
66.258
104.716
33.8
23.572
136.516
23.572
60.258
23.572
102.173
24.686
24.686
23.572
82.601
23.572
126.631
39.915
33.8
108.402
131.288
24.686
115.288
92.83
50.144
23.572
193.546
29.686
76.716
62.144
76.487
23.572
23.572
88.601
171.203
29.686
138.86
39.915
39.8
33.8
119.173
23.572
24.686
143.288
40.915
33.8
124.288
53.144
81.601
56.144
70.487
23.572
66.258
103.059
76.487
57.144
33.8
114.288
23.572
23.572
54.258
23.572
167.86
72.487
39.915
41.915
66.258
24.686
132.288
116.288
212.432
46.029
34.915
83.601
23.572
88.487
29.686
23.572
113.173
23.572
78.487
223.004
24.686
98.83
99.83
67.372
33.8
24.686
301.148
50.029
50.029
129.402
131.516
23.572
40.915
62.144
66.258
108.288
29.686
237.118
23.572
34.915
23.572
23.572
39.915
66.258
140.516
29.686
93.83
44.029
50.029
23.572
104.83
64.487
109.173
51.144
114.944
29.686
23.572
160.745
29.686
40.915
105.83
117.402
56.029
60.372
50.029
23.572
39.915
40.915
56.144
23.572
168.86
113.173
77.83
36.915
210.546
92.716
39.8
50.144
29.686
45.915
34.915
96.944
23.572
24.686
24.686
222.118
39.915
41.915
121.288
194.317
29.686
39.915
23.572
103.944
33.8
39.8
88.601
29.686
46.029
98.83
44.029
23.572
46.144
86.716
39.915
78.372
62.372
39.915
198.546
33.8
33.8
66.258
66.372
29.686
29.686
29.686
24.686
92.716
73.372
23.572
98.83
96.944
29.686
86.716
76.487
39.915
40.915
62.144
87.83
39.915
39.8
204.66
56.144
44.029
66.372
29.686
56.029
113.288
45.915
61.258
51.915
39.915
56.144
103.059
39.8
39.915
55.144
50.029
72.372
50.029
86.716
45.915
29.686
66.258
131.516
44.029
39.8
39.8
56.144
33.8
97.944
23.572
96.944
77.487
29.686
39.8
29.686
50.144
82.601
68.372
82.601
45.915
29.686
33.8
24.686
45.915
61.258
23.572
66.372
56.144
29.686
66.601
86.716
56.029
72.258
29.686
66.372
45.915
66.258
29.686
94.83
45.915
29.686
39.915
110.173
78.372
23.572
29.686
88.601
125.288
55.372
29.686
51.144
39.915
23.572
29.686
156.86
29.686
29.686
62.144
29.686
82.83
56.144
29.686
29.686
39.8
56.144
55.372
23.572
29.686
39.915
56.144
56.144
29.686
101.173
66.372
45.915
119.516
56.144
29.686
23.572
92.716
24.686
130.631
87.716
29.686
60.372
29.686
71.601
39.8
29.686
102.944
23.572
29.686
45.915
113.288
29.686
81.83
56.144
45.915
29.686
29.686
33.8
39.915
29.686
39.915
136.402
51.915
24.686
68.372
39.915
66.372
45.915
98.83
35.8
34.8
66.372
44.029
45.915
39.915
29.686
62.144
104.83
29.686
29.686
103.059
29.686
29.686
252.576
50.144
109.059
50.144
29.686
29.686
66.372
51.915
87.716
45.915
23.572
77.487
29.686
23.572
23.572
45.915
71.487
72.372
56.144
132.402
123.516
29.686
51.915
77.601
29.686
50.144
23.572
50.144
29.686
29.686
39.915
92.83
41.915
29.686
56.144
76.601
29.686
97.944
39.915
109.944
45.915
87.83
50.144
76.601
67.372
29.686
87.716
29.686
29.686
29.686
89.716
29.686
40.915
29.686
135.631
66.372
29.686
61.258
92.83
97.059
39.915
60.372
39.915
114.288
45.915
29.686
60.372
39.915
29.686
50.144
29.686
29.686
77.487
39.915
29.686
39.915
29.686
45.144
98.059
29.686
29.686
61.258
82.601
56.144
60.372
29.686
104.059
39.915
24.686
50.144
29.686
104.059
50.144
29.686
29.686
97.944
62.144
29.686
39.915
29.686
124.402
29.686
29.686
39.915
29.686
29.686
29.686
39.915
39.915
92.83
23.572
29.686
23.572
29.686
29.686
29.686
29.686
50.029
29.686
39.915
45.915
87.716
29.686
29.686
39.915
39.915
29.686
29.686
72.372
88.716
29.686
29.686
45.915
46.144
50.144
52.144
29.686
81.716
29.686
72.372
39.915
29.686
29.686
29.686
29.686
29.686
29.686
56.144
51.915
60.258
29.686
29.686
45.915
29.686
39.915
56.144
39.915
23.572
56.144
29.686
29.686
56.144
29.686
29.686
29.686
39.915
39.915
23.572
115.059
39.915
39.915
83.487
29.686
29.686
45.915
29.686
29.686
39.915
29.686
56.144
24.686
39.915
29.686
29.686
56.144
29.686
29.686
45.915
29.686
29.686
39.915
29.686
39.915
29.686
29.686
29.686
45.915
29.686
41.915
40.915
29.686
45.915
29.686
24.686
45.915
39.915
45.915
41.915
39.915
39.915
39.915
29.686
29.686
29.686
29.686
29.686
29.686
56.144
29.686
45.915
29.686
106.173
29.686
24.686
29.686
29.686
45.915
61.258
52.144
29.686
29.686
29.686
29.686
29.686
29.686
29.686
39.915
52.144
29.686
23.572
29.686
29.686
29.686
29.686
29.686
29.686
45.915
29.686
33.8
23.572
29.686
51.915
29.686
60.372
45.915
29.686
29.686
29.686
45.915
29.686
29.686
29.686
39.915
39.915
29.686
91.944
39.915
93.716
29.686
24.686
29.686
29.686
71.487
23.572
45.915
39.8
56.144
29.686
29.686
29.686
29.686
29.686
73.372
72.372
60.258
45.915
39.915
23.572
29.686
39.915
45.915
29.686
29.686
29.686
50.144
45.915
39.8
29.686
39.915
39.915
62.144
23.572
29.686
23.572
29.686
52.144
23.572
39.915
23.572
29.686
71.487
45.915
29.686
45.915
56.144
86.83
24.686
29.686
45.915
61.258
29.686
40.915
29.686
29.686
39.915
29.686
29.686
90.601
29.686
23.572
29.686
103.059
33.8
45.915
103.944
29.686
29.686
33.8
29.686
54.258
39.915
72.601
23.572
29.686
39.915
39.8
39.915
29.686
23.572
29.686
62.144
29.686
29.686
44.029
56.144
33.8
39.915
39.915
114.288
60.372
45.915
61.258
29.686
68.372
29.686
45.915
29.686
41.915
23.572
39.915
161.432
29.686
35.915
33.8
29.686
29.686
29.686
50.029
67.372
39.915
66.372
23.572
29.686
45.915
45.915
58.144
23.572
29.686
71.487
29.686
29.686
72.601
29.686
29.686
67.372
29.686
51.915
72.372
71.487
66.372
29.686
62.144
45.915
39.915
29.686
23.572
45.915
29.686
29.686
62.372
78.372
23.572
56.144
39.915
33.8
76.601
39.915
29.686
23.572
29.686
29.686
23.572
110.059
29.686
23.572
45.915
52.144
87.83
60.372
29.686
98.059
29.686
29.686
29.686
61.258
29.686
29.686
29.686
29.686
29.686
29.686
29.686
45.915
62.144
33.8
39.915
24.686
29.686
29.686
62.144
61.258
29.686
39.915
87.83
29.686
148.516
29.686
77.487
29.686
29.686
81.716
29.686
77.601
23.572
29.686
29.686
72.372
29.686
29.686
39.8
39.915
50.144
29.686
23.572
88.601
29.686
60.372
29.686
29.686
29.686
29.686
45.915
61.258
29.686
29.686
156.86
66.372
29.686
81.601
61.258
23.572
33.8
78.372
39.915
23.572
45.915
29.686
39.915
23.572
34.915
29.686
45.915
29.686
29.686
60.372
29.686
39.915
61.258
41.915
29.686
51.915
61.258
29.686
114.173
29.686
199.546
77.487
39.915
29.686
39.915
29.686
29.686
29.686
109.059
29.686
23.572
29.686
41.915
103.944
61.258
29.686
39.915
98.944
77.487
29.686
29.686
45.915
29.686
39.915
39.915
39.8
29.686
29.686
29.686
93.83
29.686
56.144
29.686
23.572
29.686
33.8
29.686
29.686
39.915
45.915
93.83
39.915
83.601
29.686
173.203
78.601
315.834
29.686
29.686
102.173
71.487
29.686
39.915
61.258
29.686
56.144
113.288
56.144
39.915
33.8
29.686
62.144
39.915
29.686
29.686
29.686
39.915
23.572
29.686
45.915
45.915
29.686
39.915
29.686
71.487
56.144
39.915
39.915
190.317
23.572
29.686
125.288
61.258
29.686
77.487
29.686
29.686
29.686
29.686
29.686
56.144
29.686
62.144
29.686
50.144
29.686
39.915
125.288
29.686
39.8
45.915
29.686
29.686
93.716
29.686
29.686
50.144
41.915
62.144
29.686
39.8
92.83
55.144
